# Camera list with one line of data per camera:
#   CAMERA_ID, MODEL, WIDTH, HEIGHT, PARAMS[]
# Number of cameras: 1139
1 SIMPLE_RADIAL 1080 1920 2054.9734369699504 540 960 0.08196779041606532
2 SIMPLE_RADIAL 1080 1920 2055.6661649740331 540 960 0.084874561648175473
3 SIMPLE_RADIAL 1080 1920 2054.8312208074044 540 960 0.087767164506578441
4 SIMPLE_RADIAL 1080 1920 2055.8380492541237 540 960 0.084761033781598452
5 SIMPLE_RADIAL 1080 1920 2056.0322984845752 540 960 0.085984969560295693
6 SIMPLE_RADIAL 1080 1920 2055.5590066303171 540 960 0.081837162996091492
7 SIMPLE_RADIAL 1080 1920 2055.1752036378261 540 960 0.083907148579174196
8 SIMPLE_RADIAL 1080 1920 2055.6382270012268 540 960 0.090183888361348538
9 SIMPLE_RADIAL 1080 1920 2057.3707779367387 540 960 0.089220892493120152
10 SIMPLE_RADIAL 1080 1920 2057.786219115219 540 960 0.088880714875709671
11 SIMPLE_RADIAL 1080 1920 2058.9884167251657 540 960 0.075206527728103906
12 SIMPLE_RADIAL 1080 1920 2057.5847584526728 540 960 0.08438835642965499
13 SIMPLE_RADIAL 1080 1920 2056.6570968970145 540 960 0.084783673647910229
14 SIMPLE_RADIAL 1080 1920 2058.5365937457182 540 960 0.08143626639608921
15 SIMPLE_RADIAL 1080 1920 2059.2214833572416 540 960 0.076085083912469917
16 SIMPLE_RADIAL 1080 1920 2060.1932467345914 540 960 0.073388181040479575
17 SIMPLE_RADIAL 1080 1920 2058.0020500636706 540 960 0.078149729040348628
18 SIMPLE_RADIAL 1080 1920 2059.0513595088487 540 960 0.07183970626197328
19 SIMPLE_RADIAL 1080 1920 2056.2889178549353 540 960 0.067418579007055918
20 SIMPLE_RADIAL 1080 1920 2054.1541341489251 540 960 0.086049458398115189
21 SIMPLE_RADIAL 1080 1920 2052.2622100958092 540 960 0.074482280100041917
22 SIMPLE_RADIAL 1080 1920 2048.6279788865268 540 960 0.074821633366356263
23 SIMPLE_RADIAL 1080 1920 2050.9272901052868 540 960 0.057134499317366048
24 SIMPLE_RADIAL 1080 1920 2054.2871316903188 540 960 0.070013936489377482
25 SIMPLE_RADIAL 1080 1920 2056.5047449394242 540 960 0.063016366552522088
26 SIMPLE_RADIAL 1080 1920 2055.501692104875 540 960 0.067682595687720615
27 SIMPLE_RADIAL 1080 1920 2053.5184876002845 540 960 0.060961081478182647
28 SIMPLE_RADIAL 1080 1920 2056.6879205463702 540 960 0.069035549945978478
29 SIMPLE_RADIAL 1080 1920 2054.2211886548416 540 960 0.066426850019214292
30 SIMPLE_RADIAL 1080 1920 2056.0811766546299 540 960 0.055752696707610114
31 SIMPLE_RADIAL 1080 1920 2056.7639257166829 540 960 0.059800102129437822
32 SIMPLE_RADIAL 1080 1920 2061.0946205584301 540 960 0.062466086400176347
33 SIMPLE_RADIAL 1080 1920 2060.2413777771144 540 960 0.065696099213126163
34 SIMPLE_RADIAL 1080 1920 2060.2829492941073 540 960 0.066762356941686252
35 SIMPLE_RADIAL 1080 1920 2062.3237546717901 540 960 0.076803755385959613
36 SIMPLE_RADIAL 1080 1920 2058.6305442265689 540 960 0.075594966690164689
37 SIMPLE_RADIAL 1080 1920 2051.5554884672147 540 960 0.06946202565749833
38 SIMPLE_RADIAL 1080 1920 2055.9813086070899 540 960 0.055707850661560851
39 SIMPLE_RADIAL 1080 1920 2056.1265190864115 540 960 0.066439215623685391
40 SIMPLE_RADIAL 1080 1920 2058.5838269080036 540 960 0.065924697447005701
41 SIMPLE_RADIAL 1080 1920 2061.4113445810658 540 960 0.060595636971067776
42 SIMPLE_RADIAL 1080 1920 2067.4215636046911 540 960 0.094949578220997644
43 SIMPLE_RADIAL 1080 1920 2072.7353964370045 540 960 0.06740127808545697
44 SIMPLE_RADIAL 1080 1920 2073.9632185943083 540 960 0.053169770510885901
45 SIMPLE_RADIAL 1080 1920 2073.6957524859108 540 960 0.060857478660557358
46 SIMPLE_RADIAL 1080 1920 2066.5552733283007 540 960 0.046494052380099897
47 SIMPLE_RADIAL 1080 1920 2067.2257133164694 540 960 0.035768178192751576
48 SIMPLE_RADIAL 1080 1920 2068.8557214816178 540 960 0.023182095967934139
49 SIMPLE_RADIAL 1080 1920 2068.2197418391625 540 960 0.026288477062115029
50 SIMPLE_RADIAL 1080 1920 2063.0171927091515 540 960 0.035935820499670645
51 SIMPLE_RADIAL 1080 1920 2061.8672290817276 540 960 0.038862713471244092
52 SIMPLE_RADIAL 1080 1920 2071.528355816672 540 960 0.035983345003841483
53 SIMPLE_RADIAL 1080 1920 2068.3758906252006 540 960 0.042466346390567504
54 SIMPLE_RADIAL 1080 1920 2081.8957519776418 540 960 0.034442631206296981
55 SIMPLE_RADIAL 1080 1920 2078.1642580446946 540 960 0.049614751884096406
56 SIMPLE_RADIAL 1080 1920 2072.1303476688859 540 960 0.051498454728058925
57 SIMPLE_RADIAL 1080 1920 2147.0471219435917 540 960 0.10048365228580607
58 SIMPLE_RADIAL 1080 1920 2058.5211774300601 540 960 0.035413221991919201
59 SIMPLE_RADIAL 1080 1920 2078.887254815194 540 960 0.037057968234379617
60 SIMPLE_RADIAL 1080 1920 2087.9732082420505 540 960 0.015728404710054475
61 SIMPLE_RADIAL 1080 1920 2085.0253545902988 540 960 0.014258359290329271
62 SIMPLE_RADIAL 1080 1920 2191.7446864361732 540 960 0.030635561103736712
63 SIMPLE_RADIAL 1080 1920 2351.5164169067061 540 960 0.037022313729177816
64 SIMPLE_RADIAL 1080 1920 2279.5267442658082 540 960 0.060385322875907151
65 SIMPLE_RADIAL 1080 1920 2283.136788654364 540 960 0.051411422962422869
66 SIMPLE_RADIAL 1080 1920 2328.7230641913852 540 960 0.082194780625895678
67 SIMPLE_RADIAL 1080 1920 2341.9899337394677 540 960 0.079897744424635042
68 SIMPLE_RADIAL 1080 1920 2321.6494446974348 540 960 0.073423257345067175
69 SIMPLE_RADIAL 1080 1920 2338.5770214777508 540 960 0.082156603750514895
70 SIMPLE_RADIAL 1080 1920 2342.7586853971316 540 960 0.084073291007522283
71 SIMPLE_RADIAL 1080 1920 2417.639517886766 540 960 0.12708897485813289
72 SIMPLE_RADIAL 1080 1920 2355.4823003748897 540 960 0.089954631183461073
73 SIMPLE_RADIAL 1080 1920 2360.7380839933744 540 960 0.09563118059341176
74 SIMPLE_RADIAL 1080 1920 2338.4151508129057 540 960 0.088537000919951286
75 SIMPLE_RADIAL 1080 1920 2275.0675792908928 540 960 0.075122864552744945
76 SIMPLE_RADIAL 1080 1920 2317.3960154287061 540 960 0.082270205980266645
77 SIMPLE_RADIAL 1080 1920 2394.9323571894465 540 960 0.10281726784247802
78 SIMPLE_RADIAL 1080 1920 2226.6843397102512 540 960 0.046452501996873341
79 SIMPLE_RADIAL 1080 1920 2362.8647178106894 540 960 0.1013632899210779
80 SIMPLE_RADIAL 1080 1920 2200.4024412935805 540 960 0.039971016342223345
81 SIMPLE_RADIAL 1080 1920 2112.7423242842287 540 960 0.0085638219016581328
82 SIMPLE_RADIAL 1080 1920 2093.5711823265724 540 960 0.0006136813319718178
83 SIMPLE_RADIAL 1080 1920 2106.5735361173461 540 960 0.010532713109296567
84 SIMPLE_RADIAL 1080 1920 2038.1324447395618 540 960 -0.010098983331586974
85 SIMPLE_RADIAL 1080 1920 2057.1717827252642 540 960 0.037005351114710712
86 SIMPLE_RADIAL 1080 1920 2055.9056620212004 540 960 0.034367106488843266
87 SIMPLE_RADIAL 1080 1920 2038.8105455586449 540 960 0.04416303563712394
88 SIMPLE_RADIAL 1080 1920 2050.8394177544724 540 960 0.054199900043705965
89 SIMPLE_RADIAL 1080 1920 2040.1924454748676 540 960 0.058414080380672362
90 SIMPLE_RADIAL 1080 1920 2043.6847420134513 540 960 0.061246120506143274
91 SIMPLE_RADIAL 1080 1920 2047.6461559433278 540 960 0.054482285215046021
92 SIMPLE_RADIAL 1080 1920 2045.879624344037 540 960 0.042813286213680288
93 SIMPLE_RADIAL 1080 1920 2050.2784479482339 540 960 0.024428223750139057
94 SIMPLE_RADIAL 1080 1920 2048.5431684192104 540 960 0.038470180588124327
95 SIMPLE_RADIAL 1080 1920 2046.2509785243653 540 960 0.043748188994240371
96 SIMPLE_RADIAL 1080 1920 2044.6115864671403 540 960 0.050699597948560694
97 SIMPLE_RADIAL 1080 1920 2047.6295320981883 540 960 0.050467488619536656
98 SIMPLE_RADIAL 1080 1920 2047.9112826976607 540 960 0.057528528402741731
99 SIMPLE_RADIAL 1080 1920 2052.2802328875118 540 960 0.057264604141137369
100 SIMPLE_RADIAL 1080 1920 2052.9795185385192 540 960 0.043362986458279275
101 SIMPLE_RADIAL 1080 1920 2053.9738980768207 540 960 0.05460893942044865
102 SIMPLE_RADIAL 1080 1920 2053.7824799994346 540 960 0.048546694057687259
103 SIMPLE_RADIAL 1080 1920 2050.4895814665156 540 960 0.05025374165952063
104 SIMPLE_RADIAL 1080 1920 2052.5724292266555 540 960 0.056898557691568118
105 SIMPLE_RADIAL 1080 1920 2051.6909907266363 540 960 0.05048920069269968
106 SIMPLE_RADIAL 1080 1920 2049.8198711109176 540 960 0.0587694201344598
107 SIMPLE_RADIAL 1080 1920 2050.9558574342909 540 960 0.061013574107687374
108 SIMPLE_RADIAL 1080 1920 2051.1045950441089 540 960 0.059614543657887507
109 SIMPLE_RADIAL 1080 1920 2050.1365939548773 540 960 0.058601007679359135
110 SIMPLE_RADIAL 1080 1920 2048.381325192981 540 960 0.056041756541876347
111 SIMPLE_RADIAL 1080 1920 2051.6846088222951 540 960 0.052137285502914126
112 SIMPLE_RADIAL 1080 1920 2053.165286583072 540 960 0.051208698145719433
113 SIMPLE_RADIAL 1080 1920 2053.1366466274521 540 960 0.049328423751553781
114 SIMPLE_RADIAL 1080 1920 2052.1780069510228 540 960 0.055308785619127943
115 SIMPLE_RADIAL 1080 1920 2054.8654031671886 540 960 0.048824926554465312
116 SIMPLE_RADIAL 1080 1920 2050.9013758154315 540 960 0.054485597557879559
117 SIMPLE_RADIAL 1080 1920 2051.5295925736814 540 960 0.056578166227296368
118 SIMPLE_RADIAL 1080 1920 2055.360637283075 540 960 0.052438295086034502
119 SIMPLE_RADIAL 1080 1920 2051.9724406008559 540 960 0.058577732812859815
120 SIMPLE_RADIAL 1080 1920 2049.9020430332312 540 960 0.057217905153286036
121 SIMPLE_RADIAL 1080 1920 2052.7927217235479 540 960 0.053048157526273142
122 SIMPLE_RADIAL 1080 1920 2051.3420919769605 540 960 0.050851307551911799
123 SIMPLE_RADIAL 1080 1920 2051.7667673634564 540 960 0.050914508765866721
124 SIMPLE_RADIAL 1080 1920 2049.6836270542058 540 960 0.051707935915587803
125 SIMPLE_RADIAL 1080 1920 2050.6723229536519 540 960 0.049306970414763958
126 SIMPLE_RADIAL 1080 1920 2050.0853516179732 540 960 0.054397014573603748
127 SIMPLE_RADIAL 1080 1920 2052.5507721573454 540 960 0.057957002338905092
128 SIMPLE_RADIAL 1080 1920 2052.1870762759709 540 960 0.050345487754351152
129 SIMPLE_RADIAL 1080 1920 2051.2165744552412 540 960 0.049745737427000315
130 SIMPLE_RADIAL 1080 1920 2049.0032791949548 540 960 0.049651941575801418
131 SIMPLE_RADIAL 1080 1920 2049.653360468677 540 960 0.04865430381568682
132 SIMPLE_RADIAL 1080 1920 2048.1813384883303 540 960 0.049999927135230764
133 SIMPLE_RADIAL 1080 1920 2051.8949415727548 540 960 0.050268719514052408
134 SIMPLE_RADIAL 1080 1920 2047.1894568033995 540 960 0.053984994210675159
135 SIMPLE_RADIAL 1080 1920 2042.5940794602966 540 960 0.049994602546115943
136 SIMPLE_RADIAL 1080 1920 2049.2411604617482 540 960 0.046325686619298138
137 SIMPLE_RADIAL 1080 1920 2043.7877374810657 540 960 0.046039859983392155
138 SIMPLE_RADIAL 1080 1920 2043.2007107133834 540 960 0.051192013809877923
139 SIMPLE_RADIAL 1080 1920 2042.0675666742618 540 960 0.053521090116906554
140 SIMPLE_RADIAL 1080 1920 2039.7746306232805 540 960 0.050584674199543427
141 SIMPLE_RADIAL 1080 1920 2043.8971334964319 540 960 0.0555806602911674
142 SIMPLE_RADIAL 1080 1920 2040.1219899865284 540 960 0.051654167475100869
143 SIMPLE_RADIAL 1080 1920 2041.2833105611269 540 960 0.053210594032742704
144 SIMPLE_RADIAL 1080 1920 2043.8621464483399 540 960 0.051358569619242053
145 SIMPLE_RADIAL 1080 1920 2044.2936904780981 540 960 0.0550961121149341
146 SIMPLE_RADIAL 1080 1920 2043.7712684722514 540 960 0.05359204117518019
147 SIMPLE_RADIAL 1080 1920 2048.7067185091046 540 960 0.048438562921653286
148 SIMPLE_RADIAL 1080 1920 2051.3810031130347 540 960 0.04531341698153505
149 SIMPLE_RADIAL 1080 1920 2055.5453101027815 540 960 0.042415844053799848
150 SIMPLE_RADIAL 1080 1920 2054.2443788070236 540 960 0.040022104829767494
151 SIMPLE_RADIAL 1080 1920 2052.579010228957 540 960 0.043294776780252869
152 SIMPLE_RADIAL 1080 1920 2045.4963720321643 540 960 0.057120834898397727
153 SIMPLE_RADIAL 1080 1920 2047.9951775935215 540 960 0.059847630120870285
154 SIMPLE_RADIAL 1080 1920 2043.8793245589147 540 960 0.064063863716882982
155 SIMPLE_RADIAL 1080 1920 2050.7338885173967 540 960 0.061897964590055685
156 SIMPLE_RADIAL 1080 1920 2049.2109554120671 540 960 0.059636642719723201
157 SIMPLE_RADIAL 1080 1920 2051.0885460758809 540 960 0.052181029696735083
158 SIMPLE_RADIAL 1080 1920 2054.463308654726 540 960 0.052604958451396774
159 SIMPLE_RADIAL 1080 1920 2056.6254122600553 540 960 0.044749143170616013
160 SIMPLE_RADIAL 1080 1920 2059.0300846151345 540 960 0.045008728949348625
161 SIMPLE_RADIAL 1080 1920 2058.6341497922326 540 960 0.043216421172284289
162 SIMPLE_RADIAL 1080 1920 2055.6863233745139 540 960 0.046173140333631027
163 SIMPLE_RADIAL 1080 1920 2055.7447789395655 540 960 0.044915541237284098
164 SIMPLE_RADIAL 1080 1920 2055.4915438790458 540 960 0.047035736534893013
165 SIMPLE_RADIAL 1080 1920 2055.7195589148214 540 960 0.045924437151810292
166 SIMPLE_RADIAL 1080 1920 2053.7969265543443 540 960 0.047396715318357534
167 SIMPLE_RADIAL 1080 1920 2054.1518921302095 540 960 0.055859177235599237
168 SIMPLE_RADIAL 1080 1920 2053.8768117730401 540 960 0.053995975344862161
169 SIMPLE_RADIAL 1080 1920 2054.1180489221351 540 960 0.049215360609489549
170 SIMPLE_RADIAL 1080 1920 2054.0709128528083 540 960 0.04648174015906642
171 SIMPLE_RADIAL 1080 1920 2052.1380112436182 540 960 0.045929837449189416
172 SIMPLE_RADIAL 1080 1920 2053.6078399045996 540 960 0.05552802347494748
173 SIMPLE_RADIAL 1080 1920 2053.8925114008043 540 960 0.046753598042836644
174 SIMPLE_RADIAL 1080 1920 2052.4088389830763 540 960 0.051024338611057964
175 SIMPLE_RADIAL 1080 1920 2054.5173890210763 540 960 0.048216979452238795
176 SIMPLE_RADIAL 1080 1920 2055.8867223232514 540 960 0.044074202447198049
177 SIMPLE_RADIAL 1080 1920 2054.1465541236944 540 960 0.046241702320220034
178 SIMPLE_RADIAL 1080 1920 2051.9972207854325 540 960 0.050607985735191492
179 SIMPLE_RADIAL 1080 1920 2050.2590582620992 540 960 0.052921357670570782
180 SIMPLE_RADIAL 1080 1920 2048.377786507283 540 960 0.040847534887086916
181 SIMPLE_RADIAL 1080 1920 2049.1644718796847 540 960 0.045349622509655248
182 SIMPLE_RADIAL 1080 1920 2046.8309002866313 540 960 0.046861067161079295
183 SIMPLE_RADIAL 1080 1920 2045.7157394283608 540 960 0.044663465536204434
184 SIMPLE_RADIAL 1080 1920 2048.5332035023816 540 960 0.05045761158553326
185 SIMPLE_RADIAL 1080 1920 2052.8108396194452 540 960 0.057760641896121158
186 SIMPLE_RADIAL 1080 1920 2047.8244178616135 540 960 0.056291574241216863
187 SIMPLE_RADIAL 1080 1920 2051.1397533029735 540 960 0.049970713533661282
188 SIMPLE_RADIAL 1080 1920 2046.9981939394079 540 960 0.050248194733609544
189 SIMPLE_RADIAL 1080 1920 2049.2893222233338 540 960 0.056912646754748726
190 SIMPLE_RADIAL 1080 1920 2048.2742760400706 540 960 0.049459006483783083
191 SIMPLE_RADIAL 1080 1920 2051.6584367198143 540 960 0.043754619118638281
192 SIMPLE_RADIAL 1080 1920 2050.9464277750435 540 960 0.035601683850221721
193 SIMPLE_RADIAL 1080 1920 2051.8872917615258 540 960 0.04523520412770704
194 SIMPLE_RADIAL 1080 1920 2054.492123417846 540 960 0.045370048761579407
195 SIMPLE_RADIAL 1080 1920 2051.7400390233161 540 960 0.046624832846942244
196 SIMPLE_RADIAL 1080 1920 2050.801721857124 540 960 0.041128902129596079
197 SIMPLE_RADIAL 1080 1920 2048.6811735971523 540 960 0.053575321674725569
198 SIMPLE_RADIAL 1080 1920 2049.0539651888917 540 960 0.04536716262416704
199 SIMPLE_RADIAL 1080 1920 2046.5631904555926 540 960 0.039970557686339982
200 SIMPLE_RADIAL 1080 1920 2046.2341806190323 540 960 0.047262739962398333
201 SIMPLE_RADIAL 1080 1920 2045.3356312356505 540 960 0.042825479985576016
202 SIMPLE_RADIAL 1080 1920 2046.2471267898068 540 960 0.038431985982033089
203 SIMPLE_RADIAL 1080 1920 2046.9230165683528 540 960 0.041674377494658084
204 SIMPLE_RADIAL 1080 1920 2047.7590994247466 540 960 0.052345835803481434
205 SIMPLE_RADIAL 1080 1920 2047.9618823114795 540 960 0.054657211797698814
206 SIMPLE_RADIAL 1080 1920 2044.2110866950534 540 960 0.064565010210527407
207 SIMPLE_RADIAL 1080 1920 2047.6441589763938 540 960 0.081463901276181777
208 SIMPLE_RADIAL 1080 1920 2051.9203495480015 540 960 0.069406515234067295
209 SIMPLE_RADIAL 1080 1920 2050.4401129947037 540 960 0.069185091670909249
210 SIMPLE_RADIAL 1080 1920 2055.2476939351122 540 960 0.056528043228767401
211 SIMPLE_RADIAL 1080 1920 2058.2030952052432 540 960 0.051858162647689027
212 SIMPLE_RADIAL 1080 1920 2057.0081603288741 540 960 0.053443702969776422
213 SIMPLE_RADIAL 1080 1920 2058.6414652105136 540 960 0.068071501530804629
214 SIMPLE_RADIAL 1080 1920 2060.757490748987 540 960 0.063462038300337642
215 SIMPLE_RADIAL 1080 1920 2060.2801575301919 540 960 0.063809851694893338
216 SIMPLE_RADIAL 1080 1920 2058.5489322640242 540 960 0.059701646863077024
217 SIMPLE_RADIAL 1080 1920 2044.4879124269908 540 960 0.051497886839770274
218 SIMPLE_RADIAL 1080 1920 2040.4149772280589 540 960 0.05169415965482807
219 SIMPLE_RADIAL 1080 1920 2033.164422762909 540 960 0.049887964266263685
220 SIMPLE_RADIAL 1080 1920 2035.5303475098776 540 960 0.050061857555546305
221 SIMPLE_RADIAL 1080 1920 2035.9257901090039 540 960 0.049519720378164322
222 SIMPLE_RADIAL 1080 1920 2032.4001104376778 540 960 0.053935363383106914
223 SIMPLE_RADIAL 1080 1920 2041.460619490465 540 960 0.055810854260511814
224 SIMPLE_RADIAL 1080 1920 2038.3308428303724 540 960 0.054444217273669937
225 SIMPLE_RADIAL 1080 1920 2023.3705281116927 540 960 0.05199479412069765
226 SIMPLE_RADIAL 1080 1920 2024.8440768568962 540 960 0.0512794844412457
227 SIMPLE_RADIAL 1080 1920 2027.1705079776775 540 960 0.044271603177214389
228 SIMPLE_RADIAL 1080 1920 2023.4774942691272 540 960 0.049105925870706356
229 SIMPLE_RADIAL 1080 1920 2028.3706910825597 540 960 0.048593218133404441
230 SIMPLE_RADIAL 1080 1920 2015.2946522278246 540 960 0.041694674333483159
231 SIMPLE_RADIAL 1080 1920 2013.3900456854924 540 960 0.043073461417751049
232 SIMPLE_RADIAL 1080 1920 2019.9389571310983 540 960 0.038449112450870279
233 SIMPLE_RADIAL 1080 1920 2026.3721765771793 540 960 0.030571569073015881
234 SIMPLE_RADIAL 1080 1920 2024.1123367976938 540 960 0.037045896843887795
235 SIMPLE_RADIAL 1080 1920 2021.2861051622667 540 960 0.035878036715166872
236 SIMPLE_RADIAL 1080 1920 2026.6495801547871 540 960 0.037248026342671159
237 SIMPLE_RADIAL 1080 1920 2034.7713599854092 540 960 0.03863957701465022
238 SIMPLE_RADIAL 1080 1920 2040.6956316083797 540 960 0.039541623124555288
239 SIMPLE_RADIAL 1080 1920 2039.1157059825823 540 960 0.0440929157934771
240 SIMPLE_RADIAL 1080 1920 2038.9404266573397 540 960 0.044069373735843805
241 SIMPLE_RADIAL 1080 1920 2041.0877984916726 540 960 0.044756108122938683
242 SIMPLE_RADIAL 1080 1920 2042.2331739885835 540 960 0.04346663110745657
243 SIMPLE_RADIAL 1080 1920 2044.092337836365 540 960 0.040028783933263298
244 SIMPLE_RADIAL 1080 1920 2042.8229060388671 540 960 0.044831124114866013
245 SIMPLE_RADIAL 1080 1920 2044.9440038937003 540 960 0.050510411769586074
246 SIMPLE_RADIAL 1080 1920 2046.5115936607081 540 960 0.052629521879130059
247 SIMPLE_RADIAL 1080 1920 2048.0281069536909 540 960 0.048759641774322036
248 SIMPLE_RADIAL 1080 1920 2048.3152983105069 540 960 0.045782571362287652
249 SIMPLE_RADIAL 1080 1920 2045.5534044651354 540 960 0.047699207491899029
250 SIMPLE_RADIAL 1080 1920 2045.2698161161175 540 960 0.044085170223807015
251 SIMPLE_RADIAL 1080 1920 2046.6631926319637 540 960 0.041988222103475692
252 SIMPLE_RADIAL 1080 1920 2047.0347622430197 540 960 0.033344039956510356
253 SIMPLE_RADIAL 1080 1920 2044.1048281228568 540 960 0.038303682749807805
254 SIMPLE_RADIAL 1080 1920 2041.9625314706798 540 960 0.025701498879527315
255 SIMPLE_RADIAL 1080 1920 2041.2513158507338 540 960 0.024502211492832347
256 SIMPLE_RADIAL 1080 1920 2042.0229052143382 540 960 0.020708191170164168
257 SIMPLE_RADIAL 1080 1920 2041.5754343724668 540 960 0.025050618204100344
258 SIMPLE_RADIAL 1080 1920 2042.2722989914867 540 960 0.026222428812721927
259 SIMPLE_RADIAL 1080 1920 2043.5813977448565 540 960 0.028179774603172718
260 SIMPLE_RADIAL 1080 1920 2044.4585157018041 540 960 0.033628726834784378
261 SIMPLE_RADIAL 1080 1920 2045.9338407205159 540 960 0.037726676593879724
262 SIMPLE_RADIAL 1080 1920 2044.8311716405995 540 960 0.03942183681224317
263 SIMPLE_RADIAL 1080 1920 2044.401582308886 540 960 0.046709200090005537
264 SIMPLE_RADIAL 1080 1920 2044.9199050120496 540 960 0.051687207114186895
265 SIMPLE_RADIAL 1080 1920 2046.1420538204165 540 960 0.050191294752116082
266 SIMPLE_RADIAL 1080 1920 2059.1548331492982 540 960 0.051706282855210818
267 SIMPLE_RADIAL 1080 1920 2060.1990723790905 540 960 0.042112303175377119
268 SIMPLE_RADIAL 1080 1920 2055.5267361554784 540 960 0.043905047552239944
269 SIMPLE_RADIAL 1080 1920 2052.5128897994086 540 960 0.051486809444477685
270 SIMPLE_RADIAL 1080 1920 2051.6532870299261 540 960 0.053455883830531063
271 SIMPLE_RADIAL 1080 1920 2056.4554895496663 540 960 0.047664478775341745
272 SIMPLE_RADIAL 1080 1920 2056.0323828070918 540 960 0.051724997550990422
273 SIMPLE_RADIAL 1080 1920 2060.7828647134052 540 960 0.042804606081987384
274 SIMPLE_RADIAL 1080 1920 2053.2239824074986 540 960 0.04784382426726648
275 SIMPLE_RADIAL 1080 1920 2052.7691183366087 540 960 0.049084026905376311
276 SIMPLE_RADIAL 1080 1920 2039.3656571835522 540 960 0.050726712757174233
277 SIMPLE_RADIAL 1080 1920 2052.2765177283222 540 960 0.043218899303026775
278 SIMPLE_RADIAL 1080 1920 2059.165416622865 540 960 0.03897990895687637
279 SIMPLE_RADIAL 1080 1920 2062.4201659196592 540 960 0.033830416073777056
280 SIMPLE_RADIAL 1080 1920 2061.3653679243394 540 960 0.039186565502806942
281 SIMPLE_RADIAL 1080 1920 2056.0906933986871 540 960 0.045608251061426547
282 SIMPLE_RADIAL 1080 1920 2053.6358459753314 540 960 0.045378610453536208
283 SIMPLE_RADIAL 1080 1920 2052.0043412864648 540 960 0.04853043974514009
284 SIMPLE_RADIAL 1080 1920 2051.6495483758245 540 960 0.048407255418142489
285 SIMPLE_RADIAL 1080 1920 2050.5616829056175 540 960 0.049666979967439406
286 SIMPLE_RADIAL 1080 1920 2049.2590137614047 540 960 0.051489373606966655
287 SIMPLE_RADIAL 1080 1920 2046.5327390577338 540 960 0.047323680117486951
288 SIMPLE_RADIAL 1080 1920 2044.5349624925068 540 960 0.052123904858518116
289 SIMPLE_RADIAL 1080 1920 2043.9540333442521 540 960 0.052690474640837995
290 SIMPLE_RADIAL 1080 1920 2052.5543696859363 540 960 0.048667344802666698
291 SIMPLE_RADIAL 1080 1920 2051.7552491496463 540 960 0.046775961344878561
292 SIMPLE_RADIAL 1080 1920 2053.0918215055822 540 960 0.047705909289448317
293 SIMPLE_RADIAL 1080 1920 2051.2027757539704 540 960 0.049464303498826516
294 SIMPLE_RADIAL 1080 1920 2053.191816193968 540 960 0.047433909487855745
295 SIMPLE_RADIAL 1080 1920 2052.6210492051923 540 960 0.049942869984914567
296 SIMPLE_RADIAL 1080 1920 2058.3680838679643 540 960 0.047619832828843661
297 SIMPLE_RADIAL 1080 1920 2053.6885368415424 540 960 0.046130904926558185
298 SIMPLE_RADIAL 1080 1920 2051.2524695753582 540 960 0.047351364120622984
299 SIMPLE_RADIAL 1080 1920 2046.7748375860983 540 960 0.048705087185163795
300 SIMPLE_RADIAL 1080 1920 2044.6480250866657 540 960 0.050083687754781857
301 SIMPLE_RADIAL 1080 1920 2050.3698415755202 540 960 0.045680324605106126
302 SIMPLE_RADIAL 1080 1920 2049.1729535238765 540 960 0.04737593001310543
303 SIMPLE_RADIAL 1080 1920 2049.7158275277202 540 960 0.048069525603662448
304 SIMPLE_RADIAL 1080 1920 2049.534221364202 540 960 0.048853886745597354
305 SIMPLE_RADIAL 1080 1920 2051.7696978516988 540 960 0.046563001531997682
306 SIMPLE_RADIAL 1080 1920 2051.3380305982819 540 960 0.049656213743751156
307 SIMPLE_RADIAL 1080 1920 2055.678324007526 540 960 0.049074196083559889
308 SIMPLE_RADIAL 1080 1920 2050.9896890826444 540 960 0.048012299686496375
309 SIMPLE_RADIAL 1080 1920 2053.7181697559586 540 960 0.038943568849971147
310 SIMPLE_RADIAL 1080 1920 2056.3752014885445 540 960 0.041309133515807415
311 SIMPLE_RADIAL 1080 1920 2055.3716542493162 540 960 0.038405044372489032
312 SIMPLE_RADIAL 1080 1920 2056.0298725573402 540 960 0.036270077701961112
313 SIMPLE_RADIAL 1080 1920 2055.6775330312139 540 960 0.040593009046417251
314 SIMPLE_RADIAL 1080 1920 2053.9173895488957 540 960 0.047942846370107796
315 SIMPLE_RADIAL 1080 1920 2054.3450572095562 540 960 0.044309690979165171
316 SIMPLE_RADIAL 1080 1920 2052.5039566265496 540 960 0.049893608923071223
317 SIMPLE_RADIAL 1080 1920 2052.2479733836039 540 960 0.044596431280912216
318 SIMPLE_RADIAL 1080 1920 2052.1953327867077 540 960 0.050111455759956854
319 SIMPLE_RADIAL 1080 1920 2051.4058174539236 540 960 0.053179686958879958
320 SIMPLE_RADIAL 1080 1920 2049.058145335629 540 960 0.045313093558790825
321 SIMPLE_RADIAL 1080 1920 2050.2517790649044 540 960 0.04556519527906798
322 SIMPLE_RADIAL 1080 1920 2051.5507775086253 540 960 0.043657506406084789
323 SIMPLE_RADIAL 1080 1920 2045.9556588482653 540 960 0.054002418609810442
324 SIMPLE_RADIAL 1080 1920 2046.4199907712771 540 960 0.046209692490744469
325 SIMPLE_RADIAL 1080 1920 2044.9775464499735 540 960 0.045580017274469739
326 SIMPLE_RADIAL 1080 1920 2044.0991459396776 540 960 0.051426514600200514
327 SIMPLE_RADIAL 1080 1920 2043.0933800432958 540 960 0.04873077343411452
328 SIMPLE_RADIAL 1080 1920 2044.2407494296237 540 960 0.043721051475749617
329 SIMPLE_RADIAL 1080 1920 2043.7506703958579 540 960 0.036473589766158346
330 SIMPLE_RADIAL 1080 1920 2044.3327122713667 540 960 0.040860999328899139
331 SIMPLE_RADIAL 1080 1920 2042.6218469669268 540 960 0.044615396543279735
332 SIMPLE_RADIAL 1080 1920 2043.677711209747 540 960 0.049526698431978156
333 SIMPLE_RADIAL 1080 1920 2046.4804825726696 540 960 0.044645963654816288
334 SIMPLE_RADIAL 1080 1920 2045.4714983193746 540 960 0.039840737841098255
335 SIMPLE_RADIAL 1080 1920 2042.783223847634 540 960 0.043849113635973387
336 SIMPLE_RADIAL 1080 1920 2041.0714278088485 540 960 0.040641841935988465
337 SIMPLE_RADIAL 1080 1920 2049.3416747779106 540 960 0.041171404660082456
338 SIMPLE_RADIAL 1080 1920 2047.852241225163 540 960 0.048589838727028239
339 SIMPLE_RADIAL 1080 1920 2045.2121448421408 540 960 0.048719768467253219
340 SIMPLE_RADIAL 1080 1920 2043.5013411439945 540 960 0.048426500986936127
341 SIMPLE_RADIAL 1080 1920 2043.51550809844 540 960 0.053532680356557484
342 SIMPLE_RADIAL 1080 1920 2043.187526210686 540 960 0.046888196250117899
343 SIMPLE_RADIAL 1080 1920 2041.2114002783499 540 960 0.047573585319973355
344 SIMPLE_RADIAL 1080 1920 2040.5192020263094 540 960 0.041836419792957685
345 SIMPLE_RADIAL 1080 1920 2039.8365237415924 540 960 0.046481350598160782
346 SIMPLE_RADIAL 1080 1920 2038.631916339649 540 960 0.044343084994900896
347 SIMPLE_RADIAL 1080 1920 2038.7850714341807 540 960 0.045063961367825194
348 SIMPLE_RADIAL 1080 1920 2039.4459313796378 540 960 0.04248257721285674
349 SIMPLE_RADIAL 1080 1920 2041.9047610616653 540 960 0.039892790500686101
350 SIMPLE_RADIAL 1080 1920 2043.3761464360323 540 960 0.039843886331373514
351 SIMPLE_RADIAL 1080 1920 2045.1059974365655 540 960 0.053931005212616769
352 SIMPLE_RADIAL 1080 1920 2048.1907286805772 540 960 0.048444256535111647
353 SIMPLE_RADIAL 1080 1920 2052.1865212579287 540 960 0.03951058073476528
354 SIMPLE_RADIAL 1080 1920 2055.6812048768152 540 960 0.036680155098572274
355 SIMPLE_RADIAL 1080 1920 2054.3026374891242 540 960 0.039545835210707689
356 SIMPLE_RADIAL 1080 1920 2055.718222797565 540 960 0.032635450416727586
357 SIMPLE_RADIAL 1080 1920 2058.3321452465379 540 960 0.02368010499447331
358 SIMPLE_RADIAL 1080 1920 2057.5863086747427 540 960 0.031907852715623151
359 SIMPLE_RADIAL 1080 1920 2063.1031244030032 540 960 0.030719968136407594
360 SIMPLE_RADIAL 1080 1920 2055.1712471938781 540 960 0.028699219708639801
361 SIMPLE_RADIAL 1080 1920 2050.585857260055 540 960 0.030094193388658187
362 SIMPLE_RADIAL 1080 1920 2042.8488962797387 540 960 0.030886725655863961
363 SIMPLE_RADIAL 1080 1920 2059.6155140066721 540 960 0.036200862671881266
364 SIMPLE_RADIAL 1080 1920 2047.9942807249679 540 960 0.040787894447422875
385 SIMPLE_RADIAL 1080 1920 2081.3506929710188 540 960 0.13938646108553659
386 SIMPLE_RADIAL 1080 1920 2066.3222632892875 540 960 0.1035090473282767
387 SIMPLE_RADIAL 1080 1920 2035.7335658084346 540 960 0.05580218630593814
388 SIMPLE_RADIAL 1080 1920 2011.3483461357143 540 960 0.044425612517969428
389 SIMPLE_RADIAL 1080 1920 2020.7772916110291 540 960 0.051819014747893896
390 SIMPLE_RADIAL 1080 1920 2039.2014812959364 540 960 0.036992265390076759
391 SIMPLE_RADIAL 1080 1920 2041.2880191180896 540 960 0.051508809098333337
392 SIMPLE_RADIAL 1080 1920 2030.5216577066178 540 960 0.0609601459762363
393 SIMPLE_RADIAL 1080 1920 2032.1140878349916 540 960 0.05774274629726267
394 SIMPLE_RADIAL 1080 1920 2029.9760728168574 540 960 0.059657119617859689
395 SIMPLE_RADIAL 1080 1920 2032.2520878211837 540 960 0.044036892944360743
396 SIMPLE_RADIAL 1080 1920 2030.2498769389965 540 960 0.038554886155116576
397 SIMPLE_RADIAL 1080 1920 2033.786556788722 540 960 0.035646614699082146
398 SIMPLE_RADIAL 1080 1920 2035.4210107750862 540 960 0.041363624970852074
399 SIMPLE_RADIAL 1080 1920 2038.7926980985962 540 960 0.029092373192560375
400 SIMPLE_RADIAL 1080 1920 2044.025420651476 540 960 0.057038222652649663
401 SIMPLE_RADIAL 1080 1920 2049.6755293448041 540 960 0.058717099310704443
402 SIMPLE_RADIAL 1080 1920 2052.2491076680681 540 960 0.065356414192025994
403 SIMPLE_RADIAL 1080 1920 2052.7180416199149 540 960 0.060385106704379653
404 SIMPLE_RADIAL 1080 1920 2054.767813354681 540 960 0.070269610227906745
405 SIMPLE_RADIAL 1080 1920 2055.3499838263319 540 960 0.070131210262701693
406 SIMPLE_RADIAL 1080 1920 2050.9520977818652 540 960 0.045884997810438352
407 SIMPLE_RADIAL 1080 1920 2054.2397188273085 540 960 0.053236120168254283
408 SIMPLE_RADIAL 1080 1920 2054.123616669393 540 960 0.052054290397895622
409 SIMPLE_RADIAL 1080 1920 2057.4056115396174 540 960 0.040879545564402896
410 SIMPLE_RADIAL 1080 1920 2054.0702250238223 540 960 0.035655978105230406
411 SIMPLE_RADIAL 1080 1920 2051.778347016078 540 960 0.027589164314604897
412 SIMPLE_RADIAL 1080 1920 2056.0472892417183 540 960 0.033198857989493895
413 SIMPLE_RADIAL 1080 1920 2057.1052757784705 540 960 0.026652008717382929
414 SIMPLE_RADIAL 1080 1920 2057.4053635326536 540 960 0.036959000370353344
415 SIMPLE_RADIAL 1080 1920 2052.5908526417302 540 960 0.039807310135170811
416 SIMPLE_RADIAL 1080 1920 2055.396940374234 540 960 0.041419248980386125
417 SIMPLE_RADIAL 1080 1920 2061.9180838222906 540 960 0.0706208140729533
418 SIMPLE_RADIAL 1080 1920 2334.3426910425178 540 960 0.093454907037556767
419 SIMPLE_RADIAL 1080 1920 2455.6698179979808 540 960 0.034579947298596793
420 SIMPLE_RADIAL 1080 1920 2347.3488405001235 540 960 0.065853664392315991
421 SIMPLE_RADIAL 1080 1920 2312.5771789396817 540 960 0.079716644069959222
422 SIMPLE_RADIAL 1080 1920 2382.1238017040691 540 960 0.075871289456202806
423 SIMPLE_RADIAL 1080 1920 2376.2645441273648 540 960 0.080336588679691456
424 SIMPLE_RADIAL 1080 1920 2001.5381356550188 540 960 0.043624184774728819
425 SIMPLE_RADIAL 1080 1920 2294.8842472546371 540 960 0.11100969573269484
426 SIMPLE_RADIAL 1080 1920 2285.9848504923348 540 960 0.11259598980676021
427 SIMPLE_RADIAL 1080 1920 2319.8719489583241 540 960 0.12736060348554731
428 SIMPLE_RADIAL 1080 1920 2324.5067944564789 540 960 0.13504125142243451
429 SIMPLE_RADIAL 1080 1920 2511.8592845460262 540 960 0.10114685458155534
430 SIMPLE_RADIAL 1080 1920 2556.2573143326149 540 960 0.10541198137332582
431 SIMPLE_RADIAL 1080 1920 2418.9922036262583 540 960 0.122768692433757
432 SIMPLE_RADIAL 1080 1920 8871.5078965015964 540 960 0.34891982251640041
433 SIMPLE_RADIAL 1080 1920 7584.5583370802033 540 960 0.1681851539670394
434 SIMPLE_RADIAL 1080 1920 2045.4617935909791 540 960 0.064636126643799044
435 SIMPLE_RADIAL 1080 1920 2080.3729754610235 540 960 0.062695957927117366
436 SIMPLE_RADIAL 1080 1920 2087.1326835364225 540 960 0.054093919354843437
437 SIMPLE_RADIAL 1080 1920 2088.020187621099 540 960 0.05436502982662373
438 SIMPLE_RADIAL 1080 1920 2052.2575600721984 540 960 0.078923792401105933
439 SIMPLE_RADIAL 1080 1920 2046.6056710875232 540 960 0.063795472453782559
440 SIMPLE_RADIAL 1080 1920 2033.5852702647323 540 960 0.069987221403347774
441 SIMPLE_RADIAL 1080 1920 2039.8939445154606 540 960 0.054237624018373537
442 SIMPLE_RADIAL 1080 1920 2037.8640644517584 540 960 0.058421020779106152
443 SIMPLE_RADIAL 1080 1920 2040.6672872407182 540 960 0.059806236486055993
444 SIMPLE_RADIAL 1080 1920 2037.7137885078348 540 960 0.05659889514006123
445 SIMPLE_RADIAL 1080 1920 2040.726578632567 540 960 0.055382014282156652
446 SIMPLE_RADIAL 1080 1920 2039.6964824594272 540 960 0.055769606251798193
447 SIMPLE_RADIAL 1080 1920 2042.7167877883896 540 960 0.052914314649538233
448 SIMPLE_RADIAL 1080 1920 2044.4745474665299 540 960 0.04396258362087728
449 SIMPLE_RADIAL 1080 1920 2043.5261750586992 540 960 0.029198083971861941
450 SIMPLE_RADIAL 1080 1920 2043.9740207365305 540 960 0.030935571313624999
451 SIMPLE_RADIAL 1080 1920 2042.6061114151287 540 960 0.028135335043705072
452 SIMPLE_RADIAL 1080 1920 2043.9058323277018 540 960 0.02740070449921814
453 SIMPLE_RADIAL 1080 1920 2040.3156911921135 540 960 0.035603281396081835
454 SIMPLE_RADIAL 1080 1920 2044.1070198115005 540 960 0.031727973108485449
455 SIMPLE_RADIAL 1080 1920 2042.9670596308688 540 960 0.036189490800830997
456 SIMPLE_RADIAL 1080 1920 2037.1370866334646 540 960 0.024248297110949925
457 SIMPLE_RADIAL 1080 1920 2037.6255515060056 540 960 0.02922039064568312
458 SIMPLE_RADIAL 1080 1920 2042.5835447484869 540 960 0.033049858154238845
459 SIMPLE_RADIAL 1080 1920 2034.5961214677466 540 960 0.019639163937127464
460 SIMPLE_RADIAL 1080 1920 2043.6982200616931 540 960 0.045716820590531677
461 SIMPLE_RADIAL 1080 1920 2037.4288054400158 540 960 0.03662664351590085
462 SIMPLE_RADIAL 1080 1920 2042.6689769515979 540 960 0.05464870054607774
463 SIMPLE_RADIAL 1080 1920 2040.4357649600945 540 960 0.033332770079813702
464 SIMPLE_RADIAL 1080 1920 2040.6748657262701 540 960 0.031640398489172633
465 SIMPLE_RADIAL 1080 1920 2038.9804080229017 540 960 0.031010122751435536
466 SIMPLE_RADIAL 1080 1920 2045.5479498927614 540 960 0.029501988369784134
467 SIMPLE_RADIAL 1080 1920 2040.2632638681494 540 960 0.039601372129622697
468 SIMPLE_RADIAL 1080 1920 2040.6022539641519 540 960 0.027616997658417294
469 SIMPLE_RADIAL 1080 1920 2038.5328488411806 540 960 0.037182449980033998
470 SIMPLE_RADIAL 1080 1920 2039.0324570826679 540 960 0.016462652759464225
471 SIMPLE_RADIAL 1080 1920 2035.3788362868818 540 960 0.012222887072786128
472 SIMPLE_RADIAL 1080 1920 2037.7182173051146 540 960 0.025901816617366503
473 SIMPLE_RADIAL 1080 1920 2035.9927929144883 540 960 0.026997869334148945
474 SIMPLE_RADIAL 1080 1920 2034.9049330379826 540 960 0.02724266536678022
475 SIMPLE_RADIAL 1080 1920 2040.4346785820089 540 960 0.035566600078987064
476 SIMPLE_RADIAL 1080 1920 2044.0052857396481 540 960 0.035005900410420579
477 SIMPLE_RADIAL 1080 1920 2040.2589251739444 540 960 0.03464487755608528
478 SIMPLE_RADIAL 1080 1920 2040.8059154395924 540 960 0.044814331464730073
479 SIMPLE_RADIAL 1080 1920 2038.8980371492767 540 960 0.028081936553542037
480 SIMPLE_RADIAL 1080 1920 2038.4851552187642 540 960 0.032721219149391294
481 SIMPLE_RADIAL 1080 1920 2033.8296421683149 540 960 0.019756874999751577
482 SIMPLE_RADIAL 1080 1920 2035.5941603678261 540 960 0.036986049851898135
483 SIMPLE_RADIAL 1080 1920 2030.8760867451219 540 960 0.01635039996587884
484 SIMPLE_RADIAL 1080 1920 2038.2862462460268 540 960 0.037412397760363085
485 SIMPLE_RADIAL 1080 1920 2034.4772403311988 540 960 0.034655669705539946
486 SIMPLE_RADIAL 1080 1920 2045.3703073650513 540 960 0.059675009952980147
487 SIMPLE_RADIAL 1080 1920 2050.4772955351141 540 960 0.077632230797974974
488 SIMPLE_RADIAL 1080 1920 2047.235813309044 540 960 0.066009387016151
489 SIMPLE_RADIAL 1080 1920 2042.3599389433523 540 960 0.056251956323759005
490 SIMPLE_RADIAL 1080 1920 2041.5130272077829 540 960 0.053713715366416954
491 SIMPLE_RADIAL 1080 1920 2038.4503099947308 540 960 0.045130880917300532
492 SIMPLE_RADIAL 1080 1920 2039.7500300879351 540 960 0.052973775124217602
493 SIMPLE_RADIAL 1080 1920 2038.4431941660966 540 960 0.037232639463047265
494 SIMPLE_RADIAL 1080 1920 2033.4559861663431 540 960 0.027629484286371332
495 SIMPLE_RADIAL 1080 1920 2041.3335217224001 540 960 0.05581740540028992
496 SIMPLE_RADIAL 1080 1920 2040.9536092848905 540 960 0.05301453814438873
497 SIMPLE_RADIAL 1080 1920 2027.1784967777628 540 960 0.062800765917429391
498 SIMPLE_RADIAL 1080 1920 2043.9374130563006 540 960 0.050152629536070498
499 SIMPLE_RADIAL 1080 1920 2042.3009338935024 540 960 0.048540857029771262
500 SIMPLE_RADIAL 1080 1920 2045.5713992544952 540 960 0.034771190329298513
501 SIMPLE_RADIAL 1080 1920 2042.7931482379508 540 960 0.040356239091746272
502 SIMPLE_RADIAL 1080 1920 2042.5655144686227 540 960 0.037992025922928989
503 SIMPLE_RADIAL 1080 1920 2038.1974845498423 540 960 0.031175236176636974
504 SIMPLE_RADIAL 1080 1920 2089.436773138189 540 960 0.010625092697425445
505 SIMPLE_RADIAL 1080 1920 2027.70047368828 540 960 -0.00052387073454975973
506 SIMPLE_RADIAL 1080 1920 2038.2645120106802 540 960 0.021451492979750755
507 SIMPLE_RADIAL 1080 1920 1922.3080787523975 540 960 0.0025301760733449745
508 SIMPLE_RADIAL 1080 1920 1842.081036777219 540 960 0.0030996726249204873
509 SIMPLE_RADIAL 1080 1920 2024.0336243572683 540 960 -0.012164943199423945
522 SIMPLE_RADIAL 1080 1920 2016.2656125776475 540 960 0.010452444863681241
523 SIMPLE_RADIAL 1080 1920 1998.6408544581955 540 960 0.025111150508132379
524 SIMPLE_RADIAL 1080 1920 2081.2587929915599 540 960 0.024259663095048709
525 SIMPLE_RADIAL 1080 1920 2061.2131759246713 540 960 0.035581411802116714
526 SIMPLE_RADIAL 1080 1920 2038.5589348454614 540 960 0.052364947020669232
527 SIMPLE_RADIAL 1080 1920 2028.7351201765209 540 960 0.048315582269810371
528 SIMPLE_RADIAL 1080 1920 2023.3428422366126 540 960 0.05199720073360347
529 SIMPLE_RADIAL 1080 1920 2033.4118979532739 540 960 0.051452223847100312
530 SIMPLE_RADIAL 1080 1920 2029.0035428169097 540 960 0.029800835835111811
531 SIMPLE_RADIAL 1080 1920 2028.5093176628991 540 960 0.020085252432697289
532 SIMPLE_RADIAL 1080 1920 2032.2530382553739 540 960 0.012509947150242062
533 SIMPLE_RADIAL 1080 1920 2033.0083797355985 540 960 0.003863806212076546
534 SIMPLE_RADIAL 1080 1920 2029.4036734473427 540 960 0.0079515049229304819
535 SIMPLE_RADIAL 1080 1920 2032.3798961125169 540 960 0.016470479082045363
536 SIMPLE_RADIAL 1080 1920 2032.04737594682 540 960 0.017239744381722977
537 SIMPLE_RADIAL 1080 1920 2036.7003301422249 540 960 0.040155153253718052
538 SIMPLE_RADIAL 1080 1920 2038.5740736330017 540 960 0.049187751796719997
539 SIMPLE_RADIAL 1080 1920 2041.3492065524226 540 960 0.054521627550089886
540 SIMPLE_RADIAL 1080 1920 2041.966035076633 540 960 0.052444854836914363
541 SIMPLE_RADIAL 1080 1920 2042.9026449797107 540 960 0.043651648040284895
542 SIMPLE_RADIAL 1080 1920 2042.2944432595591 540 960 0.047530036637628316
543 SIMPLE_RADIAL 1080 1920 2043.5199784975396 540 960 0.043691312356715493
544 SIMPLE_RADIAL 1080 1920 2046.0135807366535 540 960 0.053264821979607344
545 SIMPLE_RADIAL 1080 1920 2052.2670104525382 540 960 0.047728293590717397
546 SIMPLE_RADIAL 1080 1920 2048.3712889126455 540 960 0.051150773904513266
547 SIMPLE_RADIAL 1080 1920 2053.3700047565135 540 960 0.038980388400374412
548 SIMPLE_RADIAL 1080 1920 2052.4862303343034 540 960 0.036587644323199289
549 SIMPLE_RADIAL 1080 1920 2055.0422128905666 540 960 0.03595598301789437
550 SIMPLE_RADIAL 1080 1920 2065.3266272053984 540 960 0.028073880234785329
551 SIMPLE_RADIAL 1080 1920 2068.0030518893718 540 960 0.028543525943410024
552 SIMPLE_RADIAL 1080 1920 2058.9806264114573 540 960 0.033147663562256201
553 SIMPLE_RADIAL 1080 1920 1924.4882712212859 540 960 0.056286027734017398
562 SIMPLE_RADIAL 1080 1920 2013.7519532973772 540 960 0.072364201123842245
563 SIMPLE_RADIAL 1080 1920 2016.1778637657139 540 960 0.076546664563594921
564 SIMPLE_RADIAL 1080 1920 2019.0328755847404 540 960 0.072665911373961375
565 SIMPLE_RADIAL 1080 1920 2030.5052831942587 540 960 0.066734097987424579
566 SIMPLE_RADIAL 1080 1920 2026.5579666079291 540 960 0.068153992203250288
567 SIMPLE_RADIAL 1080 1920 2044.6374189987623 540 960 0.035477561026682952
568 SIMPLE_RADIAL 1080 1920 2042.8695163857137 540 960 0.048730995763617314
569 SIMPLE_RADIAL 1080 1920 2036.4618316904512 540 960 0.053162977981275637
570 SIMPLE_RADIAL 1080 1920 2035.5638684874086 540 960 0.05371326780215558
571 SIMPLE_RADIAL 1080 1920 2040.7141073262871 540 960 0.022980778739903746
572 SIMPLE_RADIAL 1080 1920 2040.1875367965224 540 960 0.026734946137606408
573 SIMPLE_RADIAL 1080 1920 2039.5534586046531 540 960 0.024964167923049726
574 SIMPLE_RADIAL 1080 1920 2038.5947654205868 540 960 0.024560977487539132
575 SIMPLE_RADIAL 1080 1920 2039.0709452478511 540 960 0.021719125512378167
576 SIMPLE_RADIAL 1080 1920 2040.0210366255501 540 960 0.047466837833223308
577 SIMPLE_RADIAL 1080 1920 2039.7204403232608 540 960 0.042056862113727833
578 SIMPLE_RADIAL 1080 1920 2040.3014559706839 540 960 0.034670428867968762
579 SIMPLE_RADIAL 1080 1920 2041.0846058593911 540 960 0.037620143244426522
580 SIMPLE_RADIAL 1080 1920 2036.5725265469002 540 960 0.03970243663321197
581 SIMPLE_RADIAL 1080 1920 2039.0482368654641 540 960 0.040454162428449236
582 SIMPLE_RADIAL 1080 1920 2035.0726732685828 540 960 0.047687734278191805
583 SIMPLE_RADIAL 1080 1920 2034.5357474620102 540 960 0.046519936134225053
584 SIMPLE_RADIAL 1080 1920 2032.6294925733928 540 960 0.043089520561332605
585 SIMPLE_RADIAL 1080 1920 2036.352240082497 540 960 0.03780139387216179
586 SIMPLE_RADIAL 1080 1920 2038.7028852076667 540 960 0.05221642553967859
587 SIMPLE_RADIAL 1080 1920 2038.8739673268203 540 960 0.039749966105217145
588 SIMPLE_RADIAL 1080 1920 2036.4831406597555 540 960 0.034979870692556328
589 SIMPLE_RADIAL 1080 1920 2030.058328730335 540 960 0.042339285910654723
590 SIMPLE_RADIAL 1080 1920 2024.0608581911129 540 960 0.044342034652758135
591 SIMPLE_RADIAL 1080 1920 2030.0383109644274 540 960 0.03139565486815122
592 SIMPLE_RADIAL 1080 1920 2032.0217663731762 540 960 0.037824269840211498
593 SIMPLE_RADIAL 1080 1920 2029.9384135796536 540 960 0.03435348933383895
594 SIMPLE_RADIAL 1080 1920 2026.0223046380881 540 960 0.022636334418936258
595 SIMPLE_RADIAL 1080 1920 2031.1278694623018 540 960 0.032255092202383012
596 SIMPLE_RADIAL 1080 1920 2030.7310083875889 540 960 0.02757882073482586
597 SIMPLE_RADIAL 1080 1920 2034.2952689111601 540 960 0.029468979090673603
598 SIMPLE_RADIAL 1080 1920 2034.9698964985312 540 960 0.041778651920337577
599 SIMPLE_RADIAL 1080 1920 2034.6166266577204 540 960 -0.0081516818179753914
600 SIMPLE_RADIAL 1080 1920 2038.8768688951072 540 960 0.011659263303904549
601 SIMPLE_RADIAL 1080 1920 2035.6001125919099 540 960 0.046387471074731491
602 SIMPLE_RADIAL 1080 1920 2033.7727461751895 540 960 0.01154089496109087
603 SIMPLE_RADIAL 1080 1920 2040.873737992011 540 960 0.047128081981420968
604 SIMPLE_RADIAL 1080 1920 2036.4476689675023 540 960 0.03110612975916199
605 SIMPLE_RADIAL 1080 1920 2034.0677516681521 540 960 0.010553495315991132
606 SIMPLE_RADIAL 1080 1920 2034.749295141266 540 960 0.0036521795434126376
607 SIMPLE_RADIAL 1080 1920 2033.9741397662031 540 960 0.020567066505370355
608 SIMPLE_RADIAL 1080 1920 2033.9420991922868 540 960 0.057238926754501714
609 SIMPLE_RADIAL 1080 1920 2025.701338343315 540 960 0.06567351248580186
610 SIMPLE_RADIAL 1080 1920 1996.8524655764593 540 960 0.14967193365777831
611 SIMPLE_RADIAL 1080 1920 2053.4372765612839 540 960 0.043230176080089694
612 SIMPLE_RADIAL 1080 1920 2025.3614177676543 540 960 0.046926003865787339
613 SIMPLE_RADIAL 1080 1920 2029.5861885351551 540 960 0.069067134710462094
614 SIMPLE_RADIAL 1080 1920 2012.1702055698154 540 960 0.060444832114351338
615 SIMPLE_RADIAL 1080 1920 2007.7398989950523 540 960 0.059890910332062015
616 SIMPLE_RADIAL 1080 1920 2009.6655587435409 540 960 0.056909215504983526
617 SIMPLE_RADIAL 1080 1920 2015.6168585698815 540 960 0.036394040688758657
618 SIMPLE_RADIAL 1080 1920 2020.4294058495452 540 960 0.027380583492851822
619 SIMPLE_RADIAL 1080 1920 2009.7189761622092 540 960 0.028788530317363524
620 SIMPLE_RADIAL 1080 1920 2002.13734077244 540 960 0.023569864587808739
621 SIMPLE_RADIAL 1080 1920 1990.0938118855199 540 960 0.025401790008399261
622 SIMPLE_RADIAL 1080 1920 1979.999082716264 540 960 0.02317267062648792
623 SIMPLE_RADIAL 1080 1920 1979.5916385146909 540 960 0.014521516291686539
624 SIMPLE_RADIAL 1080 1920 1954.3194109921737 540 960 0.01682137408632781
625 SIMPLE_RADIAL 1080 1920 1969.4691834901055 540 960 0.0072738716442969096
626 SIMPLE_RADIAL 1080 1920 1969.1137153330051 540 960 -0.041224459828537126
645 SIMPLE_RADIAL 1080 1920 1999.1317307962179 540 960 0.061062753783511697
646 SIMPLE_RADIAL 1080 1920 1996.7441772896966 540 960 0.054482302033113585
647 SIMPLE_RADIAL 1080 1920 1971.7961817161079 540 960 0.043003173172456964
648 SIMPLE_RADIAL 1080 1920 1981.7101687441193 540 960 0.040451621746423777
649 SIMPLE_RADIAL 1080 1920 1985.5139966231498 540 960 0.035840256467459315
650 SIMPLE_RADIAL 1080 1920 1980.9786268009532 540 960 0.036721521331394204
651 SIMPLE_RADIAL 1080 1920 2000.5810856826629 540 960 0.024982918908164734
652 SIMPLE_RADIAL 1080 1920 2018.9143949857114 540 960 0.021885261735986032
653 SIMPLE_RADIAL 1080 1920 2022.1085068108948 540 960 0.032452106136038571
654 SIMPLE_RADIAL 1080 1920 2027.3282078238612 540 960 0.019075390482645269
655 SIMPLE_RADIAL 1080 1920 2026.7717029987994 540 960 0.023178867302007269
656 SIMPLE_RADIAL 1080 1920 2025.6605911287472 540 960 0.015320802093445589
657 SIMPLE_RADIAL 1080 1920 2031.0954366561334 540 960 0.01742242090277556
658 SIMPLE_RADIAL 1080 1920 2035.4867929141251 540 960 0.014600557090812174
659 SIMPLE_RADIAL 1080 1920 2031.4196691101745 540 960 0.026345422662417191
660 SIMPLE_RADIAL 1080 1920 2029.6087065461791 540 960 0.025070358968455875
661 SIMPLE_RADIAL 1080 1920 2022.6185901562155 540 960 0.020196926792849703
663 SIMPLE_RADIAL 1080 1920 2030.1476640318838 540 960 0.035264397950912525
664 SIMPLE_RADIAL 1080 1920 2026.7910484008321 540 960 0.049202267907619071
665 SIMPLE_RADIAL 1080 1920 2030.7979260296852 540 960 0.036393732433068017
666 SIMPLE_RADIAL 1080 1920 2038.5719425828595 540 960 0.016453766495941061
667 SIMPLE_RADIAL 1080 1920 2032.9781892704368 540 960 -0.0023835625366404982
668 SIMPLE_RADIAL 1080 1920 2024.2559538545918 540 960 -0.0022251078131984674
669 SIMPLE_RADIAL 1080 1920 2028.7774714524726 540 960 0.0012478684789816537
670 SIMPLE_RADIAL 1080 1920 2032.5516180176903 540 960 0.018564339608515525
671 SIMPLE_RADIAL 1080 1920 2034.2856056080211 540 960 0.022262303425498921
672 SIMPLE_RADIAL 1080 1920 2033.7531038470158 540 960 0.034702711930608469
673 SIMPLE_RADIAL 1080 1920 2038.1642123697604 540 960 0.020875644714874731
674 SIMPLE_RADIAL 1080 1920 2038.8379377971444 540 960 0.028267514647825391
675 SIMPLE_RADIAL 1080 1920 2037.680775198686 540 960 0.027504231247194103
676 SIMPLE_RADIAL 1080 1920 2036.4852719336413 540 960 0.029251313210512293
677 SIMPLE_RADIAL 1080 1920 2041.4055150320994 540 960 0.025110963204614947
678 SIMPLE_RADIAL 1080 1920 2046.1240031265036 540 960 0.018730442649668468
679 SIMPLE_RADIAL 1080 1920 2040.7508813767481 540 960 0.030495529203548217
680 SIMPLE_RADIAL 1080 1920 2049.7881836846727 540 960 0.031308301538176778
714 SIMPLE_RADIAL 1080 1920 2048.7398031913585 540 960 0.070128827430934543
715 SIMPLE_RADIAL 1080 1920 2040.1112763271767 540 960 0.049180203583737772
716 SIMPLE_RADIAL 1080 1920 2037.5511747482374 540 960 0.028614578225115771
717 SIMPLE_RADIAL 1080 1920 2038.7964274019218 540 960 0.052895209479383143
718 SIMPLE_RADIAL 1080 1920 2039.2647764668693 540 960 0.028097867421252254
719 SIMPLE_RADIAL 1080 1920 2038.3396198347368 540 960 0.020391743944102876
720 SIMPLE_RADIAL 1080 1920 2036.0241994485641 540 960 0.030951343348000232
721 SIMPLE_RADIAL 1080 1920 2034.8264234203284 540 960 0.024190406737582375
722 SIMPLE_RADIAL 1080 1920 2038.7553429052471 540 960 0.020363427803830641
723 SIMPLE_RADIAL 1080 1920 2036.311091631218 540 960 0.019709052814693262
724 SIMPLE_RADIAL 1080 1920 2035.1192859509106 540 960 0.026533110250396334
725 SIMPLE_RADIAL 1080 1920 2035.4036383022976 540 960 0.027906153612840542
726 SIMPLE_RADIAL 1080 1920 2036.3388681732947 540 960 0.019070312953130275
727 SIMPLE_RADIAL 1080 1920 2036.5395758661191 540 960 0.026277602309323113
728 SIMPLE_RADIAL 1080 1920 2036.0456924349007 540 960 0.031673303355685641
729 SIMPLE_RADIAL 1080 1920 2035.9485741760707 540 960 0.029318050287138599
730 SIMPLE_RADIAL 1080 1920 2034.4828344049879 540 960 0.026264766223028396
731 SIMPLE_RADIAL 1080 1920 2035.0028843458813 540 960 0.041760705869710389
732 SIMPLE_RADIAL 1080 1920 2033.6884585656749 540 960 0.036918435526036096
733 SIMPLE_RADIAL 1080 1920 2033.5604798790637 540 960 0.036126536958117447
734 SIMPLE_RADIAL 1080 1920 2033.8227443474846 540 960 0.036567025013013343
735 SIMPLE_RADIAL 1080 1920 2032.4039384980417 540 960 0.041377419261151724
736 SIMPLE_RADIAL 1080 1920 2034.6459380723079 540 960 0.040861074915532633
737 SIMPLE_RADIAL 1080 1920 2035.0459524419612 540 960 0.045372609742986021
738 SIMPLE_RADIAL 1080 1920 2034.753576287809 540 960 0.041415577417539047
739 SIMPLE_RADIAL 1080 1920 2029.8045389501758 540 960 0.033325312931871784
740 SIMPLE_RADIAL 1080 1920 2030.1217126579393 540 960 0.030707641314708652
741 SIMPLE_RADIAL 1080 1920 2029.7571818254582 540 960 0.026843897157414861
742 SIMPLE_RADIAL 1080 1920 2030.4739446334004 540 960 0.027682019682928424
743 SIMPLE_RADIAL 1080 1920 2029.6984643943342 540 960 0.03063758761692921
744 SIMPLE_RADIAL 1080 1920 2031.5590903684783 540 960 0.030029526440036026
745 SIMPLE_RADIAL 1080 1920 2031.2476490298716 540 960 0.035099570765432277
746 SIMPLE_RADIAL 1080 1920 2029.0143279869937 540 960 0.034637221545998395
747 SIMPLE_RADIAL 1080 1920 2030.636766090709 540 960 0.03178750953071062
748 SIMPLE_RADIAL 1080 1920 2031.9564579232378 540 960 0.045570172889091626
749 SIMPLE_RADIAL 1080 1920 2032.0006630638386 540 960 0.011476903815623175
750 SIMPLE_RADIAL 1080 1920 2022.6360569774001 540 960 0.0018825784281822804
751 SIMPLE_RADIAL 1080 1920 2022.9997137752371 540 960 0.019197316956751202
752 SIMPLE_RADIAL 1080 1920 2020.9809509119925 540 960 -0.014053036351706386
753 SIMPLE_RADIAL 1080 1920 2016.8825000028019 540 960 0.0032438122322992046
754 SIMPLE_RADIAL 1080 1920 2022.298569614544 540 960 0.0092307791854108236
755 SIMPLE_RADIAL 1080 1920 2023.8664849946497 540 960 0.0064142968965400999
756 SIMPLE_RADIAL 1080 1920 2024.0825114902507 540 960 0.014057806844406391
757 SIMPLE_RADIAL 1080 1920 2027.9087220171846 540 960 0.015455281548665763
758 SIMPLE_RADIAL 1080 1920 2026.4333418766189 540 960 0.014112352838716782
759 SIMPLE_RADIAL 1080 1920 2031.4064856753776 540 960 0.025892178590360849
760 SIMPLE_RADIAL 1080 1920 2027.2301764959459 540 960 0.016485657336038222
761 SIMPLE_RADIAL 1080 1920 2026.2007611766971 540 960 0.015881124703790529
762 SIMPLE_RADIAL 1080 1920 2029.274376536003 540 960 0.024786356043403578
763 SIMPLE_RADIAL 1080 1920 2029.5929521115381 540 960 0.028104834037689683
764 SIMPLE_RADIAL 1080 1920 2032.7510092542752 540 960 0.038100163095216952
765 SIMPLE_RADIAL 1080 1920 2035.9589544223129 540 960 0.073989151195619079
766 SIMPLE_RADIAL 1080 1920 2031.5599685249758 540 960 0.019920476404153998
767 SIMPLE_RADIAL 1080 1920 2031.7182644174775 540 960 0.024843473483478557
768 SIMPLE_RADIAL 1080 1920 2038.1428026736642 540 960 0.050441552293856114
769 SIMPLE_RADIAL 1080 1920 2041.5961957513387 540 960 0.056695871110177161
770 SIMPLE_RADIAL 1080 1920 2045.1903464853706 540 960 0.072162432915907931
771 SIMPLE_RADIAL 1080 1920 2043.8291877113181 540 960 0.052947805835043014
772 SIMPLE_RADIAL 1080 1920 2050.5597667735797 540 960 0.043296091386566711
773 SIMPLE_RADIAL 1080 1920 2044.6920540825674 540 960 0.038062379602924294
774 SIMPLE_RADIAL 1080 1920 2047.0412932120926 540 960 0.031137816539940508
775 SIMPLE_RADIAL 1080 1920 2046.209852830548 540 960 0.031798831668267066
776 SIMPLE_RADIAL 1080 1920 2045.8120487756464 540 960 0.035223459446695041
777 SIMPLE_RADIAL 1080 1920 2042.4032701209003 540 960 0.029840362096972464
778 SIMPLE_RADIAL 1080 1920 2051.5908729250259 540 960 0.017727920196491352
779 SIMPLE_RADIAL 1080 1920 2059.3846390392923 540 960 0.040044428978192985
780 SIMPLE_RADIAL 1080 1920 2065.563018812978 540 960 0.039707094429737189
781 SIMPLE_RADIAL 1080 1920 2066.8847965692676 540 960 0.025049413132429456
782 SIMPLE_RADIAL 1080 1920 2053.2888299031611 540 960 0.035022154334088229
783 SIMPLE_RADIAL 1080 1920 2086.9927867799956 540 960 0.029349144259379185
784 SIMPLE_RADIAL 1080 1920 2389.7973126650559 540 960 0.0508703155857732
792 SIMPLE_RADIAL 1080 1920 2009.2829956351986 540 960 0.11385289430790364
793 SIMPLE_RADIAL 1080 1920 1991.2135654426409 540 960 0.11145580657121398
794 SIMPLE_RADIAL 1080 1920 2038.6966081738051 540 960 0.050473378436949788
795 SIMPLE_RADIAL 1080 1920 2056.7701940039606 540 960 0.052874390884022314
796 SIMPLE_RADIAL 1080 1920 2024.0970883136672 540 960 0.1699808703200745
797 SIMPLE_RADIAL 1080 1920 2026.1821697193466 540 960 0.030771316771908707
798 SIMPLE_RADIAL 1080 1920 2027.0568023423652 540 960 0.025786055950784315
799 SIMPLE_RADIAL 1080 1920 2020.5123343914643 540 960 0.033377779381927659
800 SIMPLE_RADIAL 1080 1920 2021.3224201335431 540 960 0.025448276489078117
801 SIMPLE_RADIAL 1080 1920 2027.8144524474674 540 960 0.037546959636954001
802 SIMPLE_RADIAL 1080 1920 2022.5549835343966 540 960 0.0075619526488742072
803 SIMPLE_RADIAL 1080 1920 2027.4777122244595 540 960 0.0082165895187817448
804 SIMPLE_RADIAL 1080 1920 2018.4117337599816 540 960 -0.031450815910125517
805 SIMPLE_RADIAL 1080 1920 2020.5229402957857 540 960 -0.054317747987705736
806 SIMPLE_RADIAL 1080 1920 2022.0258349806852 540 960 0.026002850098835198
807 SIMPLE_RADIAL 1080 1920 2022.775326636646 540 960 0.049857094681769146
808 SIMPLE_RADIAL 1080 1920 2026.6662697158783 540 960 0.049506158296118874
809 SIMPLE_RADIAL 1080 1920 2024.0768101180022 540 960 0.039195874781111181
810 SIMPLE_RADIAL 1080 1920 2031.0317671562418 540 960 0.042567754147710572
811 SIMPLE_RADIAL 1080 1920 2027.1714902698079 540 960 0.02905926716775795
812 SIMPLE_RADIAL 1080 1920 2026.3413599116145 540 960 0.025578744546622446
813 SIMPLE_RADIAL 1080 1920 2028.0297241243861 540 960 0.018461196282514032
814 SIMPLE_RADIAL 1080 1920 2027.4494250379935 540 960 0.020415131422694972
815 SIMPLE_RADIAL 1080 1920 2031.5514655289064 540 960 0.025259125555364265
816 SIMPLE_RADIAL 1080 1920 2038.5151145452414 540 960 0.031175965030281208
817 SIMPLE_RADIAL 1080 1920 2048.1666700492451 540 960 0.038384283133842866
818 SIMPLE_RADIAL 1080 1920 2050.3300977328827 540 960 0.037533338518486878
819 SIMPLE_RADIAL 1080 1920 2050.1143238784284 540 960 0.020334135588879931
828 SIMPLE_RADIAL 1080 1920 2004.6659700181085 540 960 0.055920109440591233
829 SIMPLE_RADIAL 1080 1920 2008.8214255070875 540 960 0.052100411018217871
830 SIMPLE_RADIAL 1080 1920 1997.8101319215175 540 960 0.05832826681184955
831 SIMPLE_RADIAL 1080 1920 2017.8971868260985 540 960 0.036578886460580877
832 SIMPLE_RADIAL 1080 1920 2011.3447938400295 540 960 0.045589797793029296
833 SIMPLE_RADIAL 1080 1920 2009.158091115414 540 960 0.043809743410097954
834 SIMPLE_RADIAL 1080 1920 2026.9809201106498 540 960 0.02918884130401132
835 SIMPLE_RADIAL 1080 1920 2036.8413926786093 540 960 0.02260561022629564
836 SIMPLE_RADIAL 1080 1920 2033.2361219670261 540 960 0.028034199332288425
837 SIMPLE_RADIAL 1080 1920 2036.2580198897604 540 960 0.030434190296490131
838 SIMPLE_RADIAL 1080 1920 2030.9320539317032 540 960 0.028418360862476094
839 SIMPLE_RADIAL 1080 1920 2029.0009573355633 540 960 0.030799966850617724
840 SIMPLE_RADIAL 1080 1920 2028.2163968606355 540 960 0.032668334233905673
841 SIMPLE_RADIAL 1080 1920 2019.7036161963194 540 960 0.036007286128447911
842 SIMPLE_RADIAL 1080 1920 2025.8102719745439 540 960 0.029116330027115694
843 SIMPLE_RADIAL 1080 1920 2022.641695391218 540 960 0.027357684416660623
844 SIMPLE_RADIAL 1080 1920 2017.1888870278758 540 960 0.031002115537252614
845 SIMPLE_RADIAL 1080 1920 2015.3155356585073 540 960 0.029287983987208929
846 SIMPLE_RADIAL 1080 1920 2022.1541000210759 540 960 0.021942473438444621
847 SIMPLE_RADIAL 1080 1920 2015.4551504991016 540 960 0.034146637609742826
848 SIMPLE_RADIAL 1080 1920 2017.9055198613705 540 960 0.022025445017615754
849 SIMPLE_RADIAL 1080 1920 2017.4868594474085 540 960 0.01943490062439792
850 SIMPLE_RADIAL 1080 1920 2019.0085180456597 540 960 0.028033946224693167
851 SIMPLE_RADIAL 1080 1920 2018.0810381262156 540 960 0.019506889523901755
852 SIMPLE_RADIAL 1080 1920 2020.6682696384967 540 960 0.035555949624275975
853 SIMPLE_RADIAL 1080 1920 2011.8088371146077 540 960 0.005995664984005237
854 SIMPLE_RADIAL 1080 1920 2012.4793139074159 540 960 0.023063870338773197
855 SIMPLE_RADIAL 1080 1920 2015.7873815438652 540 960 0.01865319502961324
856 SIMPLE_RADIAL 1080 1920 2019.4436679062831 540 960 0.015860404028150206
857 SIMPLE_RADIAL 1080 1920 2019.4589355916071 540 960 0.012131284242081552
858 SIMPLE_RADIAL 1080 1920 2017.0188629849272 540 960 0.018383890599996483
859 SIMPLE_RADIAL 1080 1920 2018.0287610764738 540 960 0.015085699323019796
860 SIMPLE_RADIAL 1080 1920 2020.6516587058161 540 960 0.028254006851138852
861 SIMPLE_RADIAL 1080 1920 2020.0640822507216 540 960 0.0342421201914168
862 SIMPLE_RADIAL 1080 1920 2026.7848114755727 540 960 0.029532131000181348
863 SIMPLE_RADIAL 1080 1920 2024.3197836013594 540 960 0.038350621659442023
864 SIMPLE_RADIAL 1080 1920 2023.5189408604017 540 960 0.040137523460262108
865 SIMPLE_RADIAL 1080 1920 2017.8792660921015 540 960 0.027022678250368234
866 SIMPLE_RADIAL 1080 1920 2018.3958789333874 540 960 0.035015082945954339
867 SIMPLE_RADIAL 1080 1920 2020.2550263241419 540 960 0.062191636010068933
868 SIMPLE_RADIAL 1080 1920 2019.2324265066077 540 960 0.047581920403329772
869 SIMPLE_RADIAL 1080 1920 2024.4973527069676 540 960 0.054719197465815279
870 SIMPLE_RADIAL 1080 1920 2027.1062991316614 540 960 0.05442779048640288
871 SIMPLE_RADIAL 1080 1920 2025.7335874536795 540 960 0.060344873189627161
872 SIMPLE_RADIAL 1080 1920 2012.7287840640365 540 960 -0.024359686539358921
873 SIMPLE_RADIAL 1080 1920 2032.2089631355234 540 960 0.098075969614932909
874 SIMPLE_RADIAL 1080 1920 2014.8499764863927 540 960 0.017870779725476509
875 SIMPLE_RADIAL 1080 1920 2030.0839977681051 540 960 0.032271744072488735
876 SIMPLE_RADIAL 1080 1920 2034.8312020126741 540 960 0.071313974560258231
877 SIMPLE_RADIAL 1080 1920 2042.6685012938408 540 960 0.055555849410514745
878 SIMPLE_RADIAL 1080 1920 2058.7935274272904 540 960 0.093255443784537248
879 SIMPLE_RADIAL 1080 1920 2063.538374259474 540 960 0.068893232397113646
880 SIMPLE_RADIAL 1080 1920 2042.0825642044676 540 960 0.026385794702347736
881 SIMPLE_RADIAL 1080 1920 2040.5231141799734 540 960 0.017381111708210325
902 SIMPLE_RADIAL 1080 1920 1998.9506582462948 540 960 0.068254616484806407
903 SIMPLE_RADIAL 1080 1920 2022.9701539776227 540 960 0.083279895059443193
904 SIMPLE_RADIAL 1080 1920 2025.9047605353458 540 960 0.048205720232437348
905 SIMPLE_RADIAL 1080 1920 2025.4162309756678 540 960 0.051304648897803895
906 SIMPLE_RADIAL 1080 1920 2017.1246201430424 540 960 0.032757410688078428
907 SIMPLE_RADIAL 1080 1920 2013.9707864550571 540 960 0.0064548953160309484
908 SIMPLE_RADIAL 1080 1920 2016.3060841254805 540 960 0.0071015580004169824
909 SIMPLE_RADIAL 1080 1920 2013.9261380185042 540 960 -0.0004294843167709813
910 SIMPLE_RADIAL 1080 1920 2015.0778641988363 540 960 0.0020132615850898417
911 SIMPLE_RADIAL 1080 1920 2015.145226704273 540 960 0.012155347764630528
912 SIMPLE_RADIAL 1080 1920 2014.0686614348547 540 960 0.015730266800757536
913 SIMPLE_RADIAL 1080 1920 2017.1534876356507 540 960 0.023984569225653635
914 SIMPLE_RADIAL 1080 1920 2020.3138557362076 540 960 0.025104709606007618
915 SIMPLE_RADIAL 1080 1920 2019.2034984939526 540 960 0.021602297111770096
916 SIMPLE_RADIAL 1080 1920 2022.4836718903844 540 960 0.021650914580524577
917 SIMPLE_RADIAL 1080 1920 2023.0511161731565 540 960 0.029203562196168691
918 SIMPLE_RADIAL 1080 1920 2028.7492154968377 540 960 0.02718845991520737
919 SIMPLE_RADIAL 1080 1920 2025.7612713408482 540 960 0.017084541820387076
920 SIMPLE_RADIAL 1080 1920 2033.2594010149878 540 960 0.019703766612848516
921 SIMPLE_RADIAL 1080 1920 2027.0597468016963 540 960 0.0082573798854430319
922 SIMPLE_RADIAL 1080 1920 2030.8696025764009 540 960 0.016035162533711293
923 SIMPLE_RADIAL 1080 1920 2041.6414809046864 540 960 0.023545989176061898
924 SIMPLE_RADIAL 1080 1920 2036.6675929258927 540 960 0.013202808308761962
925 SIMPLE_RADIAL 1080 1920 2034.1933417107589 540 960 0.022837152994629423
926 SIMPLE_RADIAL 1080 1920 2028.6624985001608 540 960 0.029716972241836153
927 SIMPLE_RADIAL 1080 1920 2003.715940914067 540 960 0.034147808421726093
939 SIMPLE_RADIAL 1080 1920 2024.5245639762516 540 960 0.03717139423090679
940 SIMPLE_RADIAL 1080 1920 1972.6013081489607 540 960 0.073072682309850714
941 SIMPLE_RADIAL 1080 1920 2030.5210701830208 540 960 0.042454171045567403
942 SIMPLE_RADIAL 1080 1920 2019.5092993239114 540 960 0.037698966629251374
943 SIMPLE_RADIAL 1080 1920 2020.5728401132458 540 960 0.038801887107550934
944 SIMPLE_RADIAL 1080 1920 2026.0401123477404 540 960 0.033410129583081392
945 SIMPLE_RADIAL 1080 1920 2028.9057631902053 540 960 0.015349709195340622
946 SIMPLE_RADIAL 1080 1920 2023.7377530062781 540 960 0.013127158806465119
947 SIMPLE_RADIAL 1080 1920 2018.4728972927933 540 960 0.027194570244933026
948 SIMPLE_RADIAL 1080 1920 2024.9864723012465 540 960 0.025429162850508155
949 SIMPLE_RADIAL 1080 1920 2022.4017759487629 540 960 0.032932842798108708
950 SIMPLE_RADIAL 1080 1920 2024.7777563212053 540 960 0.033918155276222856
951 SIMPLE_RADIAL 1080 1920 2023.0331238737931 540 960 0.032024890880444051
952 SIMPLE_RADIAL 1080 1920 2023.3102661577054 540 960 0.039916830213077653
953 SIMPLE_RADIAL 1080 1920 2021.3355754502848 540 960 0.038692912492504894
954 SIMPLE_RADIAL 1080 1920 2023.7245969362239 540 960 0.04322093506440295
955 SIMPLE_RADIAL 1080 1920 2022.212830120277 540 960 0.040074696930536793
956 SIMPLE_RADIAL 1080 1920 2020.7946764416351 540 960 0.040544299938517728
957 SIMPLE_RADIAL 1080 1920 2021.9362937597862 540 960 0.03477179648979023
958 SIMPLE_RADIAL 1080 1920 2024.6511623736942 540 960 0.036721032088746518
959 SIMPLE_RADIAL 1080 1920 2028.1980217927562 540 960 0.031781493785872084
960 SIMPLE_RADIAL 1080 1920 2027.3865953947748 540 960 0.033467998709315008
961 SIMPLE_RADIAL 1080 1920 2026.6552682609608 540 960 0.032718883556195746
962 SIMPLE_RADIAL 1080 1920 2026.1129922763221 540 960 0.042181890393488491
963 SIMPLE_RADIAL 1080 1920 2023.7346083294049 540 960 0.045401596550402608
964 SIMPLE_RADIAL 1080 1920 2021.4797373005295 540 960 0.042060372357711449
965 SIMPLE_RADIAL 1080 1920 2022.4440613209715 540 960 0.032856966698656419
966 SIMPLE_RADIAL 1080 1920 2021.0801651168581 540 960 0.033488932160736062
967 SIMPLE_RADIAL 1080 1920 2017.7655705602635 540 960 0.027268859232855831
968 SIMPLE_RADIAL 1080 1920 2021.426707567332 540 960 0.028825631842290419
969 SIMPLE_RADIAL 1080 1920 2021.1183154555417 540 960 0.036414287970831183
970 SIMPLE_RADIAL 1080 1920 2020.5276108342734 540 960 0.046422135399139738
971 SIMPLE_RADIAL 1080 1920 2014.4390117077769 540 960 0.042903282258693012
972 SIMPLE_RADIAL 1080 1920 2015.3937203851228 540 960 0.035643444073016207
973 SIMPLE_RADIAL 1080 1920 2016.9469979843961 540 960 0.033333710449098802
974 SIMPLE_RADIAL 1080 1920 2020.098957131155 540 960 0.036126961653416993
975 SIMPLE_RADIAL 1080 1920 2021.4778148848684 540 960 0.038570922905742877
976 SIMPLE_RADIAL 1080 1920 2022.0131347162201 540 960 0.03602730594188866
977 SIMPLE_RADIAL 1080 1920 2022.0293663848793 540 960 0.039173874524659161
978 SIMPLE_RADIAL 1080 1920 2019.7328913070182 540 960 0.040706501844648794
979 SIMPLE_RADIAL 1080 1920 2020.0915838985754 540 960 0.041782040121606669
980 SIMPLE_RADIAL 1080 1920 2018.2009468533042 540 960 0.038176838744110042
981 SIMPLE_RADIAL 1080 1920 2021.4675619233985 540 960 0.041896128296541511
982 SIMPLE_RADIAL 1080 1920 2021.255887338242 540 960 0.027940428519678234
983 SIMPLE_RADIAL 1080 1920 2010.752087528188 540 960 0.042413019429701999
984 SIMPLE_RADIAL 1080 1920 2017.5732048937214 540 960 0.030738521598632978
985 SIMPLE_RADIAL 1080 1920 2012.0203276396251 540 960 0.041504677816389161
986 SIMPLE_RADIAL 1080 1920 2012.6358252660998 540 960 0.032111052245734593
987 SIMPLE_RADIAL 1080 1920 2008.5420744589405 540 960 0.02552482875819587
988 SIMPLE_RADIAL 1080 1920 2015.0346249243089 540 960 0.024156971889412866
989 SIMPLE_RADIAL 1080 1920 2014.7230096907747 540 960 0.037867160626359836
990 SIMPLE_RADIAL 1080 1920 2017.332703674818 540 960 0.039131158102041194
991 SIMPLE_RADIAL 1080 1920 2018.085673087161 540 960 0.037544623095109877
992 SIMPLE_RADIAL 1080 1920 2018.4579918690383 540 960 0.038398183524912144
993 SIMPLE_RADIAL 1080 1920 2017.6177008036036 540 960 0.041295235702718598
994 SIMPLE_RADIAL 1080 1920 2021.0150316967538 540 960 0.038866928703259723
995 SIMPLE_RADIAL 1080 1920 2022.2616955964445 540 960 0.042254430776395777
996 SIMPLE_RADIAL 1080 1920 2029.4048057088403 540 960 0.027940262491668463
997 SIMPLE_RADIAL 1080 1920 2022.5351251996537 540 960 0.038796268706135985
998 SIMPLE_RADIAL 1080 1920 2015.2696765129963 540 960 0.040598587450380794
999 SIMPLE_RADIAL 1080 1920 2021.9992325212258 540 960 0.045217076048573737
1000 SIMPLE_RADIAL 1080 1920 2044.8374614994193 540 960 0.019638302780304845
1001 SIMPLE_RADIAL 1080 1920 2019.5116234897405 540 960 0.044213955029988192
1002 SIMPLE_RADIAL 1080 1920 2028.8109768941938 540 960 0.039450457940429937
1003 SIMPLE_RADIAL 1080 1920 2030.9617915408412 540 960 0.028714283459939944
1004 SIMPLE_RADIAL 1080 1920 2102.7394753360591 540 960 0.030651261056225801
1005 SIMPLE_RADIAL 1080 1920 2054.5181041198439 540 960 0.055270178159288474
1006 SIMPLE_RADIAL 1080 1920 2050.3695924722492 540 960 0.051039677228444068
1007 SIMPLE_RADIAL 1080 1920 2049.0483237600765 540 960 0.055201281525873239
1044 SIMPLE_RADIAL 1080 1920 2021.9500908034274 540 960 0.062871899410418541
1045 SIMPLE_RADIAL 1080 1920 2014.1315538177755 540 960 0.064241879101285385
1046 SIMPLE_RADIAL 1080 1920 2018.7629789459666 540 960 0.059088462575024224
1047 SIMPLE_RADIAL 1080 1920 2025.5567526183213 540 960 0.061097108062738374
1048 SIMPLE_RADIAL 1080 1920 2032.9266204889052 540 960 0.055725846512800492
1049 SIMPLE_RADIAL 1080 1920 2012.5570787808495 540 960 0.041759615062840552
1050 SIMPLE_RADIAL 1080 1920 2011.4331424913307 540 960 0.040794492482416712
1051 SIMPLE_RADIAL 1080 1920 2008.5800858172754 540 960 0.044199863304841047
1052 SIMPLE_RADIAL 1080 1920 1994.0278368676902 540 960 0.041987663881231388
1053 SIMPLE_RADIAL 1080 1920 1967.4370393592494 540 960 0.053268335448057987
1054 SIMPLE_RADIAL 1080 1920 2017.6349942066875 540 960 0.025313495640969911
1055 SIMPLE_RADIAL 1080 1920 2008.5517705588281 540 960 0.033894776713478132
1056 SIMPLE_RADIAL 1080 1920 2012.2416715207312 540 960 0.029322941348153428
1057 SIMPLE_RADIAL 1080 1920 1999.0872356024795 540 960 0.02979161453898458
1058 SIMPLE_RADIAL 1080 1920 2006.2659332505943 540 960 0.030092481746546024
1059 SIMPLE_RADIAL 1080 1920 2012.4248690951099 540 960 0.0149582257676509
1060 SIMPLE_RADIAL 1080 1920 2000.1484580358178 540 960 -0.041498783801432744
1061 SIMPLE_RADIAL 1080 1920 2007.2583872241808 540 960 -0.0018513453252323893
1062 SIMPLE_RADIAL 1080 1920 2009.9115095548593 540 960 -0.01232607595264157
1063 SIMPLE_RADIAL 1080 1920 2021.3568194092773 540 960 0.041514302812889078
1064 SIMPLE_RADIAL 1080 1920 2021.812072720749 540 960 0.038505574857118502
1065 SIMPLE_RADIAL 1080 1920 2016.9203914553136 540 960 0.033464334063219921
1066 SIMPLE_RADIAL 1080 1920 2018.9447069227754 540 960 0.025975787307338516
1067 SIMPLE_RADIAL 1080 1920 1994.399354275005 540 960 0.060153526739164388
1098 SIMPLE_RADIAL 1080 1920 2003.6993200669194 540 960 0.064919553877790248
1099 SIMPLE_RADIAL 1080 1920 2021.9139933775275 540 960 0.039818534306029926
1100 SIMPLE_RADIAL 1080 1920 2023.3642993247472 540 960 0.028552206177987597
1101 SIMPLE_RADIAL 1080 1920 2024.2645757071004 540 960 0.023982830869905276
1102 SIMPLE_RADIAL 1080 1920 2022.7494458394685 540 960 0.026260035038517218
1103 SIMPLE_RADIAL 1080 1920 2023.8725988835231 540 960 0.018080790152610229
1104 SIMPLE_RADIAL 1080 1920 2021.7836871941806 540 960 0.019865739659658658
1105 SIMPLE_RADIAL 1080 1920 2022.8206871236644 540 960 0.019599363769063578
1106 SIMPLE_RADIAL 1080 1920 2023.3771635574049 540 960 0.016923480891299188
1107 SIMPLE_RADIAL 1080 1920 2022.3005753573971 540 960 0.024506224781205791
1108 SIMPLE_RADIAL 1080 1920 2016.714021552192 540 960 0.022961398051114763
1109 SIMPLE_RADIAL 1080 1920 2016.3009736928191 540 960 0.039184166745472128
1110 SIMPLE_RADIAL 1080 1920 2015.6860912210459 540 960 0.033343419010249231
1111 SIMPLE_RADIAL 1080 1920 2011.8498310251359 540 960 0.035357751122940047
1112 SIMPLE_RADIAL 1080 1920 2008.0790525696186 540 960 0.030806997597616976
1113 SIMPLE_RADIAL 1080 1920 2008.1515025492045 540 960 0.032466854275788874
1114 SIMPLE_RADIAL 1080 1920 2004.3829045114949 540 960 0.020871701543191432
1115 SIMPLE_RADIAL 1080 1920 2006.541622321675 540 960 0.032429117863684499
1116 SIMPLE_RADIAL 1080 1920 2015.6146174322039 540 960 0.036415138030279674
1117 SIMPLE_RADIAL 1080 1920 2017.2395919295716 540 960 0.045553777286263482
1118 SIMPLE_RADIAL 1080 1920 2014.9070260025492 540 960 0.02996967607736906
1119 SIMPLE_RADIAL 1080 1920 2012.6366924425529 540 960 0.040174994293322747
1120 SIMPLE_RADIAL 1080 1920 2015.7283635777023 540 960 0.033975551487954579
1121 SIMPLE_RADIAL 1080 1920 2016.0816882003994 540 960 0.05218591413274945
1122 SIMPLE_RADIAL 1080 1920 2020.3082578313604 540 960 0.026661139512989516
1123 SIMPLE_RADIAL 1080 1920 2020.5098175992416 540 960 0.025371357795708111
1124 SIMPLE_RADIAL 1080 1920 2020.7546143560476 540 960 0.026995671852204403
1125 SIMPLE_RADIAL 1080 1920 2022.2256020404034 540 960 0.025581111751582949
1126 SIMPLE_RADIAL 1080 1920 2016.6088611481696 540 960 0.019205649050258629
1127 SIMPLE_RADIAL 1080 1920 2018.1489817753366 540 960 0.023701141468074324
1128 SIMPLE_RADIAL 1080 1920 2008.2918430444408 540 960 0.0045832202863012438
1129 SIMPLE_RADIAL 1080 1920 2005.7604504754554 540 960 -0.0090051897261914145
1130 SIMPLE_RADIAL 1080 1920 2006.6004094772786 540 960 0.010264392303104509
1131 SIMPLE_RADIAL 1080 1920 2007.536178853363 540 960 0.0061158456276024882
1132 SIMPLE_RADIAL 1080 1920 2012.2470549318502 540 960 0.012763663473263952
1133 SIMPLE_RADIAL 1080 1920 2012.1960878815437 540 960 0.022895216625353373
1134 SIMPLE_RADIAL 1080 1920 2014.4607180511182 540 960 0.013954135697797646
1135 SIMPLE_RADIAL 1080 1920 2018.5947095426948 540 960 0.017044218448513053
1136 SIMPLE_RADIAL 1080 1920 2024.9849433612508 540 960 0.040332096242174306
1137 SIMPLE_RADIAL 1080 1920 2025.6798075277416 540 960 0.028335769263686975
1138 SIMPLE_RADIAL 1080 1920 2023.2472486378083 540 960 0.027665208534999649
1139 SIMPLE_RADIAL 1080 1920 2021.3252631715297 540 960 0.018063571044422733
1140 SIMPLE_RADIAL 1080 1920 2020.6696299605192 540 960 0.031443659279124854
1141 SIMPLE_RADIAL 1080 1920 2031.1592927273634 540 960 0.027045959839074374
1142 SIMPLE_RADIAL 1080 1920 2030.554350448939 540 960 0.029880599206216111
1143 SIMPLE_RADIAL 1080 1920 2028.9341839716133 540 960 0.030904991878125693
1144 SIMPLE_RADIAL 1080 1920 2017.7151130418392 540 960 0.020126546149528333
1145 SIMPLE_RADIAL 1080 1920 2034.7459012371783 540 960 0.015226606064664661
1146 SIMPLE_RADIAL 1080 1920 2024.7840839955729 540 960 0.024915537674393626
1147 SIMPLE_RADIAL 1080 1920 2027.4517805542998 540 960 0.018541334459025817
1148 SIMPLE_RADIAL 1080 1920 2025.7263976528054 540 960 0.02074600446557796
1171 SIMPLE_RADIAL 1080 1920 2022.2683866748507 540 960 0.10917642965673144
1172 SIMPLE_RADIAL 1080 1920 2005.281758749951 540 960 0.077711071124749925
1173 SIMPLE_RADIAL 1080 1920 2009.0666047771863 540 960 0.044048513839284174
1174 SIMPLE_RADIAL 1080 1920 2015.8768041999845 540 960 0.04519208591784362
1175 SIMPLE_RADIAL 1080 1920 2015.3749192678456 540 960 0.043251972177013057
1176 SIMPLE_RADIAL 1080 1920 2016.6432062931533 540 960 0.035415364297220066
1177 SIMPLE_RADIAL 1080 1920 2012.3341752736119 540 960 0.013624048748870656
1178 SIMPLE_RADIAL 1080 1920 2013.579415305323 540 960 0.020774892035250035
1179 SIMPLE_RADIAL 1080 1920 2011.4346993697393 540 960 0.010083069725789352
1180 SIMPLE_RADIAL 1080 1920 2009.6852904690097 540 960 0.0051671234624458178
1181 SIMPLE_RADIAL 1080 1920 2007.3276110744264 540 960 0.0011432070030924332
1182 SIMPLE_RADIAL 1080 1920 2008.1607055117618 540 960 -0.0066556312460127271
1183 SIMPLE_RADIAL 1080 1920 2006.1673060639375 540 960 -0.010897045100438242
1184 SIMPLE_RADIAL 1080 1920 1994.4632022263388 540 960 -0.04035137397022881
1185 SIMPLE_RADIAL 1080 1920 2010.9083193081051 540 960 0.010828093609586286
1186 SIMPLE_RADIAL 1080 1920 2022.0757868404655 540 960 0.046775751093162982
1187 SIMPLE_RADIAL 1080 1920 2028.868992467241 540 960 0.051109331394125004
1188 SIMPLE_RADIAL 1080 1920 2031.6167811357459 540 960 0.061048519098060014
1189 SIMPLE_RADIAL 1080 1920 2024.6545296936042 540 960 0.053298433998998231
1190 SIMPLE_RADIAL 1080 1920 2025.8490890142523 540 960 0.065695819098553584
1191 SIMPLE_RADIAL 1080 1920 2024.5961899100039 540 960 0.034869447992105528
1192 SIMPLE_RADIAL 1080 1920 2025.7505572731675 540 960 0.042318384168847693
1193 SIMPLE_RADIAL 1080 1920 2024.4476615066933 540 960 0.034588271610133482
1194 SIMPLE_RADIAL 1080 1920 2023.894869161104 540 960 0.024649856278152377
1195 SIMPLE_RADIAL 1080 1920 2022.6489226413878 540 960 0.030093071533544478
1196 SIMPLE_RADIAL 1080 1920 2024.7786281258932 540 960 0.02386109664165598
1197 SIMPLE_RADIAL 1080 1920 2041.3198386775116 540 960 0.045537498150184305
1198 SIMPLE_RADIAL 1080 1920 2026.307963158549 540 960 0.024634697759619715
1199 SIMPLE_RADIAL 1080 1920 2018.6368048451748 540 960 0.023220672308511069
1200 SIMPLE_RADIAL 1080 1920 2030.0733044937804 540 960 0.026418351469990994
1201 SIMPLE_RADIAL 1080 1920 2019.6987701926539 540 960 0.022830259233817398
1202 SIMPLE_RADIAL 1080 1920 2030.2476906781994 540 960 0.018205234730774806
1203 SIMPLE_RADIAL 1080 1920 2022.6837997696812 540 960 0.02683320141372705
1204 SIMPLE_RADIAL 1080 1920 2028.3798815988171 540 960 0.021543712941670359
1205 SIMPLE_RADIAL 1080 1920 2025.0214741967973 540 960 0.029639431061378705
1206 SIMPLE_RADIAL 1080 1920 2026.3741058106059 540 960 0.029543328759553775
1207 SIMPLE_RADIAL 1080 1920 2027.5504189066639 540 960 0.031655139618860156
1208 SIMPLE_RADIAL 1080 1920 2035.999437178782 540 960 0.026116092724599686
1209 SIMPLE_RADIAL 1080 1920 2035.3550563825481 540 960 0.026737057924985382
1210 SIMPLE_RADIAL 1080 1920 2029.0221784999319 540 960 0.044602265990873392
1211 SIMPLE_RADIAL 1080 1920 2027.1967794162849 540 960 0.029682653634740361
1212 SIMPLE_RADIAL 1080 1920 2026.9694332606311 540 960 -0.0036274278139687439
1213 SIMPLE_RADIAL 1080 1920 2028.6132010007057 540 960 0.024920403548222076
1214 SIMPLE_RADIAL 1080 1920 2023.8783616801668 540 960 0.015656624300446922
1215 SIMPLE_RADIAL 1080 1920 2023.3648918480371 540 960 0.015252694799020637
1216 SIMPLE_RADIAL 1080 1920 2019.9189426317739 540 960 0.016506314230237754
1217 SIMPLE_RADIAL 1080 1920 2021.4599042494908 540 960 0.010648764292495255
1218 SIMPLE_RADIAL 1080 1920 2026.4362390119015 540 960 0.010094944522508136
1219 SIMPLE_RADIAL 1080 1920 2013.0772518928948 540 960 0.008398177343088448
1220 SIMPLE_RADIAL 1080 1920 2022.4805018048826 540 960 -0.0041565926966644759
1221 SIMPLE_RADIAL 1080 1920 2021.2817610938487 540 960 -0.041144110640219
1222 SIMPLE_RADIAL 1080 1920 2030.4842711536744 540 960 -0.012361386559179559
1223 SIMPLE_RADIAL 1080 1920 2028.9828265418919 540 960 -0.028858710335456911
1224 SIMPLE_RADIAL 1080 1920 2019.6743346793724 540 960 -0.0045915948487144044
1225 SIMPLE_RADIAL 1080 1920 2019.1725093705204 540 960 -0.0057316619756994152
1226 SIMPLE_RADIAL 1080 1920 2018.3098805137256 540 960 0.0077895058772152392
1227 SIMPLE_RADIAL 1080 1920 2022.8249845144503 540 960 0.023555351133859592
1228 SIMPLE_RADIAL 1080 1920 2011.1179161265361 540 960 0.0013857765349078017
1229 SIMPLE_RADIAL 1080 1920 2015.6084124785448 540 960 0.0099595110158907738
1230 SIMPLE_RADIAL 1080 1920 2011.2116869047336 540 960 -0.0030128999097507286
1231 SIMPLE_RADIAL 1080 1920 2018.2047072331573 540 960 0.021469745553838394
1232 SIMPLE_RADIAL 1080 1920 2010.6459225329745 540 960 -0.0015844314001143081
1233 SIMPLE_RADIAL 1080 1920 2012.5369175980152 540 960 0.0098071525203109987
1234 SIMPLE_RADIAL 1080 1920 2009.0665019928194 540 960 0.0037823395672197608
1235 SIMPLE_RADIAL 1080 1920 2012.9298298999549 540 960 0.009717970920442404
1236 SIMPLE_RADIAL 1080 1920 2018.5007129830979 540 960 0.023384152170237312
1237 SIMPLE_RADIAL 1080 1920 2019.4927030014364 540 960 0.022437147953568801
1238 SIMPLE_RADIAL 1080 1920 2027.6737828983344 540 960 0.042886438713395897
1239 SIMPLE_RADIAL 1080 1920 2015.2455009831051 540 960 0.016337396923159237
1240 SIMPLE_RADIAL 1080 1920 2012.9652423594885 540 960 0.016574658859031283
1241 SIMPLE_RADIAL 1080 1920 2011.7153378395979 540 960 0.017086938653274365
1242 SIMPLE_RADIAL 1080 1920 2014.1767940353282 540 960 0.022934593451460549
1243 SIMPLE_RADIAL 1080 1920 2012.3345998104671 540 960 0.015297696759131816
1244 SIMPLE_RADIAL 1080 1920 2014.3989415776518 540 960 0.02138700764532413
1245 SIMPLE_RADIAL 1080 1920 2013.0833724611962 540 960 0.020958690992589232
1246 SIMPLE_RADIAL 1080 1920 2019.2361969947538 540 960 0.023895918289847162
1247 SIMPLE_RADIAL 1080 1920 2017.7796952785313 540 960 0.02214886929229385
1248 SIMPLE_RADIAL 1080 1920 2013.8482570974566 540 960 0.013399327126011332
1249 SIMPLE_RADIAL 1080 1920 2010.7552177990642 540 960 0.010416546724567235
1250 SIMPLE_RADIAL 1080 1920 2013.5132238418298 540 960 0.018903918452434984
1251 SIMPLE_RADIAL 1080 1920 2015.4511006614462 540 960 0.013511180057488614
1252 SIMPLE_RADIAL 1080 1920 2017.1496536077047 540 960 0.013113647495229436
1253 SIMPLE_RADIAL 1080 1920 2014.5195265599957 540 960 0.013405849792413691
1254 SIMPLE_RADIAL 1080 1920 2034.4984037293179 540 960 0.020867732376288927
1255 SIMPLE_RADIAL 1080 1920 2027.8772379055524 540 960 0.016547062596465434
1256 SIMPLE_RADIAL 1080 1920 2039.4087499147793 540 960 0.019936080399964088
1257 SIMPLE_RADIAL 1080 1920 2033.9624831913534 540 960 0.015808909807120741
1258 SIMPLE_RADIAL 1080 1920 2043.3467303817333 540 960 0.038079839952894004
1259 SIMPLE_RADIAL 1080 1920 2044.3781664740809 540 960 0.040448049096660554
1260 SIMPLE_RADIAL 1080 1920 2033.4809347916837 540 960 0.028485658116786411
1261 SIMPLE_RADIAL 1080 1920 2038.5045336114517 540 960 0.036726578543175903
1262 SIMPLE_RADIAL 1080 1920 2077.2486065978305 540 960 0.041348196800677001
1263 SIMPLE_RADIAL 1080 1920 2042.4232855594939 540 960 0.02945484738088085
1264 SIMPLE_RADIAL 1080 1920 2046.5306472357513 540 960 0.041560857844564786
1265 SIMPLE_RADIAL 1080 1920 2050.142329937793 540 960 0.029287848458189845
1266 SIMPLE_RADIAL 1080 1920 2056.3357470548553 540 960 0.035493379088946675
1267 SIMPLE_RADIAL 1080 1920 2061.5302141154707 540 960 0.048419762156419868
1268 SIMPLE_RADIAL 1080 1920 2071.0461902711627 540 960 0.034179699246323615
1269 SIMPLE_RADIAL 1080 1920 2071.8561001446001 540 960 0.049210959179891857
1270 SIMPLE_RADIAL 1080 1920 2049.947686561738 540 960 0.053559790231100642
1271 SIMPLE_RADIAL 1080 1920 2045.0408371847075 540 960 0.06765210321188736
1272 SIMPLE_RADIAL 1080 1920 2041.3167447802427 540 960 0.060686581784283648
1273 SIMPLE_RADIAL 1080 1920 2012.4163462493257 540 960 0.096871359898042575
1274 SIMPLE_RADIAL 1080 1920 2051.6993753720049 540 960 0.057331226530743115
1275 SIMPLE_RADIAL 1080 1920 2028.8520897663268 540 960 0.057985393365611877
1276 SIMPLE_RADIAL 1080 1920 2026.8177885513824 540 960 0.054549929378344075
1277 SIMPLE_RADIAL 1080 1920 2042.8893926611183 540 960 0.052682965464789996
1278 SIMPLE_RADIAL 1080 1920 2077.1688537272835 540 960 0.06239906038018856
1279 SIMPLE_RADIAL 1080 1920 2154.2027766950423 540 960 0.058455951497665339
1280 SIMPLE_RADIAL 1080 1920 2323.943432846354 540 960 0.058458063641552233
1281 SIMPLE_RADIAL 1080 1920 2326.290509511753 540 960 0.059948671544516628
1293 SIMPLE_RADIAL 1080 1920 2208.6942503554842 540 960 0.00095390735863732593
1294 SIMPLE_RADIAL 1080 1920 2142.6350529916749 540 960 0.041941577889581874
1295 SIMPLE_RADIAL 1080 1920 2218.4854586073902 540 960 0.057133288750880425
1296 SIMPLE_RADIAL 1080 1920 2050.2329936150427 540 960 0.069110324154892308
1297 SIMPLE_RADIAL 1080 1920 2116.8400385056902 540 960 0.063039985400907883
1298 SIMPLE_RADIAL 1080 1920 2056.8374311582202 540 960 0.06846002134181782
1299 SIMPLE_RADIAL 1080 1920 2075.0637802084902 540 960 0.065993623157421785
1300 SIMPLE_RADIAL 1080 1920 2039.6311600168056 540 960 0.058038947642566022
1301 SIMPLE_RADIAL 1080 1920 2041.7122302078419 540 960 0.057459873323997095
1302 SIMPLE_RADIAL 1080 1920 2036.9803098541286 540 960 0.060071168666346125
1303 SIMPLE_RADIAL 1080 1920 2038.1177796227169 540 960 0.057329289097049339
1304 SIMPLE_RADIAL 1080 1920 2040.2896832519091 540 960 0.053871054021823239
1305 SIMPLE_RADIAL 1080 1920 2040.7759513492115 540 960 0.052504235674036233
1306 SIMPLE_RADIAL 1080 1920 2041.6032979272729 540 960 0.055647419113955612
1307 SIMPLE_RADIAL 1080 1920 2038.6574848813684 540 960 0.045494478331633732
1308 SIMPLE_RADIAL 1080 1920 2043.4616597705574 540 960 0.029643242676344453
1309 SIMPLE_RADIAL 1080 1920 2044.4683205832184 540 960 0.034609306668086835
1310 SIMPLE_RADIAL 1080 1920 2045.5506072152527 540 960 0.035829932658876497
1311 SIMPLE_RADIAL 1080 1920 2043.8807745078864 540 960 0.03184540382374218
1312 SIMPLE_RADIAL 1080 1920 2060.1276901203164 540 960 0.053271671760288977
1313 SIMPLE_RADIAL 1080 1920 2064.484482880755 540 960 0.060947542940211576
1314 SIMPLE_RADIAL 1080 1920 2051.1058387562439 540 960 0.054157245312482012
1315 SIMPLE_RADIAL 1080 1920 2023.2936614749337 540 960 0.040444235040970354
1316 SIMPLE_RADIAL 1080 1920 2030.6626491818031 540 960 0.029541200172445926
1317 SIMPLE_RADIAL 1080 1920 2034.3892057589296 540 960 0.011291406325362021
1318 SIMPLE_RADIAL 1080 1920 2034.8442762378643 540 960 0.02263739323930496
1319 SIMPLE_RADIAL 1080 1920 2031.2403201777804 540 960 0.025015353693557139
1320 SIMPLE_RADIAL 1080 1920 2031.4195170862922 540 960 0.027151440545711128
1321 SIMPLE_RADIAL 1080 1920 2031.1423623517758 540 960 0.029289917318105364
1322 SIMPLE_RADIAL 1080 1920 2050.3206754432194 540 960 0.017288880273238005
1323 SIMPLE_RADIAL 1080 1920 2045.5538337378409 540 960 0.026835639094382371
1324 SIMPLE_RADIAL 1080 1920 2011.6574463835195 540 960 0.021764217681230297
1343 SIMPLE_RADIAL 1080 1920 2117.8617134424931 540 960 0.011491067319553332
1344 SIMPLE_RADIAL 1080 1920 1999.1235004171981 540 960 0.074780814558834716
1345 SIMPLE_RADIAL 1080 1920 2149.2668226584578 540 960 -0.031584824938751692
1346 SIMPLE_RADIAL 1080 1920 2009.8979677397253 540 960 0.064634709172541868
1347 SIMPLE_RADIAL 1080 1920 2011.17800721852 540 960 0.059244623932567402
1348 SIMPLE_RADIAL 1080 1920 2021.0315888607515 540 960 0.046954276655138814
1349 SIMPLE_RADIAL 1080 1920 2028.0318824188701 540 960 0.032721520637934716
1350 SIMPLE_RADIAL 1080 1920 2024.719366663581 540 960 0.037287874228878706
1351 SIMPLE_RADIAL 1080 1920 2025.9642100837691 540 960 0.03438149005238151
1352 SIMPLE_RADIAL 1080 1920 2025.5237019856254 540 960 0.039628465256251875
1353 SIMPLE_RADIAL 1080 1920 2025.7860558319858 540 960 0.042277880644362179
1354 SIMPLE_RADIAL 1080 1920 2025.9360854794136 540 960 0.04596270920887454
1355 SIMPLE_RADIAL 1080 1920 2025.74132551716 540 960 0.040321410731809962
1356 SIMPLE_RADIAL 1080 1920 2028.8945331251095 540 960 0.036292251567561683
1357 SIMPLE_RADIAL 1080 1920 2028.4712925449546 540 960 0.032815186481844609
1358 SIMPLE_RADIAL 1080 1920 2029.2482012767634 540 960 0.030754258891315497
1359 SIMPLE_RADIAL 1080 1920 2030.0019193420012 540 960 0.030480784111600673
1360 SIMPLE_RADIAL 1080 1920 2038.1165998014826 540 960 0.030047108917790506
1361 SIMPLE_RADIAL 1080 1920 2040.550319114642 540 960 0.017748126632066024
1362 SIMPLE_RADIAL 1080 1920 2067.6382040189437 540 960 0.029759715783033523
1363 SIMPLE_RADIAL 1080 1920 2064.0140502458789 540 960 0.035934975187361974
1364 SIMPLE_RADIAL 1080 1920 2063.5892535287703 540 960 0.036483552977576217
1365 SIMPLE_RADIAL 1080 1920 2064.190239054321 540 960 0.036800277724861045
1366 SIMPLE_RADIAL 1080 1920 2091.2370810853677 540 960 0.054826425810733805
1367 SIMPLE_RADIAL 1080 1920 2054.6891108592072 540 960 0.026508178015121005
1368 SIMPLE_RADIAL 1080 1920 2078.3365204509469 540 960 0.052324962926635125
1369 SIMPLE_RADIAL 1080 1920 2055.0258706519744 540 960 0.042295517693096779
1370 SIMPLE_RADIAL 1080 1920 2072.2678691539622 540 960 0.052348673358667074
1371 SIMPLE_RADIAL 1080 1920 2070.3887758757996 540 960 0.040661759462443499
1372 SIMPLE_RADIAL 1080 1920 2086.4286059703709 540 960 0.048928769212682931
1373 SIMPLE_RADIAL 1080 1920 2068.7354825183056 540 960 0.048370476777518941
1374 SIMPLE_RADIAL 1080 1920 2067.4277595872641 540 960 0.051175589502187362
1375 SIMPLE_RADIAL 1080 1920 2071.7242274674436 540 960 0.043004422798380529
1376 SIMPLE_RADIAL 1080 1920 2052.5158745504623 540 960 0.042987278713413755
1377 SIMPLE_RADIAL 1080 1920 2044.3788167439332 540 960 0.039868313244707673
1378 SIMPLE_RADIAL 1080 1920 2090.619918762121 540 960 0.058463122311810688
1379 SIMPLE_RADIAL 1080 1920 2084.1111097263893 540 960 0.052048001356143951
1380 SIMPLE_RADIAL 1080 1920 2078.7275133476865 540 960 0.034665832008592627
1381 SIMPLE_RADIAL 1080 1920 2092.5871922635006 540 960 0.040313819549957566
1382 SIMPLE_RADIAL 1080 1920 2068.3735694219645 540 960 0.038238298054074998
1383 SIMPLE_RADIAL 1080 1920 2063.6824667125738 540 960 0.033014015816555969
1384 SIMPLE_RADIAL 1080 1920 2136.8907341740533 540 960 0.035534590517647048
1385 SIMPLE_RADIAL 1080 1920 2092.2758382779271 540 960 0.035897314821564628
1386 SIMPLE_RADIAL 1080 1920 2109.6815731525326 540 960 0.053652926577667008
1387 SIMPLE_RADIAL 1080 1920 2144.8772739150199 540 960 0.038795597740801893
1388 SIMPLE_RADIAL 1080 1920 2158.1188143587419 540 960 -0.046505950579139158
1389 SIMPLE_RADIAL 1080 1920 2423.1260794754721 540 960 0.17215046440758455
1390 SIMPLE_RADIAL 1080 1920 4574.7673579787997 540 960 -0.91729439723276918
1391 SIMPLE_RADIAL 1080 1920 2668.290793155039 540 960 -0.1340873544777581
1392 SIMPLE_RADIAL 1080 1920 2763.0910632630912 540 960 -0.14932093795438423
1393 SIMPLE_RADIAL 1080 1920 2838.4794566906235 540 960 -0.14126093341541374
1394 SIMPLE_RADIAL 1080 1920 2519.5387498165546 540 960 -0.31099790173286057
